1000
1001
1005
1007
1009
101
1012
1014
1019
1022
1024
103
1031
1035
1037
104
1045
1046
1048
1049
1057
1060
1062
1065
1070
1075
1076
1079
1080
1084
109
1093
1095
11
1108
1110
1111
1113
1115
1116
1117
1122
1123
1124
1132
1136
1137
1138
1139
114
1140
1141
1143
1145
1146
1148
1150
1152
1153
1162
1172
1175
118
1180
1182
1186
1188
119
1191
1196
1198
12
1203
121
1211
1213
1215
1217
1218
122
1221
1222
1223
1225
1228
1229
123
1236
1241
1244
1249
1271
1278
1289
1291
1295
13
131
135
138
142
148
149
15
152
153
159
167
17
173
174
176
178
18
181
183
185
188
190
197
201
203
205
207
208
209
212
213
214
215
216
218
219
220
221
222
23
232
233
235
236
239
241
244
247
248
249
25
252
253
254
255
257
258
261
266
267
272
277
278
28
280
281
282
283
286
289
29
294
295
3
301
303
304
311
313
314
315
316
319
320
321
325
328
329
330
335
338
339
343
346
347
348
350
358
359
361
364
365
367
368
375
377
379
386
387
391
393
40
400
406
407
41
410
412
414
415
416
418
419
420
421
424
428
433
436
437
441
445
446
45
451
452
454
456
458
463
464
467
47
470
472
473
475
478
48
480
481
486
487
488
489
500
5003
5004
5005
5007
5011
5016
5017
5025
5026
503
5034
5035
5038
504
5042
5044
5048
5049
5052
5053
5059
5063
5064
5067
5068
507
5072
5073
5076
5078
5081
5084
5085
5086
5092
5094
5095
5097
510
5106
5107
5109
5114
5117
5118
5122
5125
5128
5130
5138
5139
5144
5147
5148
5154
5157
5158
5160
5162
522
525
528
534
537
538
539
544
548
549
55
550
551
555
558
560
564
566
572
577
586
588
592
595
599
6
60
604
606
608
61
610
613
622
624
626
627
63
635
639
64
649
65
651
654
655
659
66
660
666
668
669
67
670
671
673
676
678
681
686
687
694
695
697
700
702
708
720
721
724
725
727
730
733
736
737
741
743
744
746
751
754
755
758
759
761
763
766
769
770
773
774
776
779
787
789
794
795
8
801
802
803
805
806
808
810
812
814
817
82
828
829
835
838
839
840
841
842
843
844
845
852
856
857
86
863
867
868
869
87
872
876
877
883
884
885
89
892
903
905
908
91
911
914
916
917
919
920
921
922
923
924
928
929
930
932
933
934
937
938
940
942
943
944
946
947
948
951
953
955
957
958
960
965
969
970
973
978
979
98
981
983
985
988
99
990
991
993
5164
5165
5167
5170
5173
5174
5177
5179
5185
5186
5190
5191
5199
5201
5209
5210
5212
5215
5216
5218
5221
5224
5227
5231
5235
5238
5248
5249
5250
5253
5259
5260
5261
5263
5264
5266
5270
5273
5275
5276
5278
5282
5284
5287
5291
5292
5293
5298
5300
5301
5303
5311
5316
5329
5332
5335
5336
5337
5340
5346
5347
5350
5352
5354
5356
5362
5367
5387
5391
5392
5394
5395
5396
5398
5401
5403
5404
5406
5416
5420
5425
5427
5428
5430
5431
5432
5436
5439
5442
5445
5453
5454
5455
5456
5457
5458
5463
5465
5466
5467
5475
5476
5478
5479
5480
5484
5485
5486
5498
5499
5502
5503
5507
5510
5511
5514
5516
5517
5523
5524
5525
5528
5535
5539
5547
5549
5554
5555
5556
5557
5559
5560
5561
5562
5570
5571
5572
5575
5577
5578
5582
5588
5592
5597
5605
5606
5612
5615
5618
5619
5621
5623
5624
5628
5629
5631
5632
5635
5645
5652
5653
5654
5655
5662
5663
5664
5668
5669
5670
5672
5673
5676
5677
5680
5682
5684
5686
5693
5694
5698
5700
5705
5707
5708
5709
5710
5712
5719
5720
5727
5729
5730
5731
5735
5736
5737
5744
5745
5746
5748
5751
5754
5756
5760
5769
5774
5776
5779
5781
5782
5788
5789
5795
5801
5810
5811
5812
5817
5818
5819
5821
5827
5832
5833
5835
5838
5841
5842
5844
5848
5852
5854
5855
5856
5862
5868
5870
5876
5877
5880
5881
5882
5898
5910
5912
5915
5922
5924
5928
5935
5940
5942
5945
5946
5948
5950
5951
5956
5957
5958
5959
5960
5963
5964
5965
5967
5968
5970
5973
5974
5975
5977
5978
5979
5980
5985
5986
5990
5998
6003
6007
6010
6011
6015
6017
6020
6021
6024
6025
6030
6031
6034
6044
6046
6047
6048
6052
6055
6056
6057
6058
6065
6069
6073
6075
6077
6082
6084
6085
6087
6090
6091
6099
6100
6108
6112
6116
6119
6126
6128
6129
6130
6131
6132
6133
6136
6138
6140
6143
6145
6146
6149
6153
6157
6162
6163
6166
6167
6170
6174
6181
6183
6189
6190
6191
6192
6197
6201
6213
6218
6219
6220
6223
6224
6225
6226
6230
6233
6234
6238
6241
6242
6243
6246
6247
6248
6253
6254
6258
6261
6262
6266
6271
6278
6281
6282
6287
6289
6300
6301
6302
6304
6308
6313
6316
6318
6325
6338
6341
6348
6350
6351
6353
6357
6358
6360
6365
6367
6374
6376
6378
6381
6389
6391
6393
6394
6395
6396
6398
6399
6400
6403
6404
6405
6406
6407
6409
6410
6414
6416
6420
6425
6435
6436
6437
6438
6444
6445
6446
6448
6449
6452
6457
6461
6462
6464
6466
6468
6469
6470
6471
6475
6476
6488
6491
6496
6497
6509
6510
6512
6514
6515
6522
6527
6529
6530
6534
6538
6539
6540
6543
6547
6557
6558
6561
6564
6565
6566
6567
6569
6571
6572
6575
6576
6579
6583
6588
6596
6598
6599
6600
6601
6603
6618
6621
6624
6627
6628
6629
6631
6632
6633
6642
6644
6645
6646
6647
6648
6649
5304
6656
6661
6663
6667
6668
6669
6670
6671
6674
6675
6676
6681
6683
6688
6689
6691
6694
6695
6698
6700
6702
6704
6705
6708
6709
6713
6719
6722
6723
6724
6725
6726
6727
6735
6738
6740
6741
6744
6750
6761
6762
6763
6764
6765
6767
6769
6772
6773
6776
6788
6791
6792
6793
6794
6797
6805
6808
6814
6815
6816
6821
6822
6833
6835
6842
6845
6856
6857
6858
6860
6863
6864
6866
6868
6870
6874
6875
6879
6882
6887
6888
6895
6900
6901
6910
6911
6922
6927
6935
6937
6941
6946
6947
6968
6970
6973
6974
6976
6979
6981
6987
6990
6991
6996
7005
7006
7009
7010
7011
7013
7017
7020
7025
7027
7028
7029
7031
7033
7036
7038
7042
7044
7046
7047
7048
7050
7053
7055
7056
7063
7067
7070
7072
7073
7077
7078
7080
7081
7084
7088
7102
7103
7105
7106
7108
7109
7110
7111
7114
7117
7118
7119
7120
7122
7123
7126
7130
7133
7136
7137
7138
7143
7145
7147
7155
7156
7157
7159
7164
7171
7174
7175
7176
7180
7182
7186
7187
7195
7198
7199
7201
7207
7210
7217
7222
7228
7230
7232
7235
7236
7237
7238
7239
7248
7251
7256
7257
7259
7260
7262
7264
7268
7269
7272
7275
7279
7281
7283
7285
7288
7289
7290
7294
7295
7297
7301
7309
7312
7313
7402
7407
7412
7414
7418
7421
7422
7427
7428
7429
7430
7431
7433
7435
7441
7443
7445
7446
7449
7450
7451
7453
7455
7457
7461
7462
7465
7466
7470
7473
7475
7479
7481
7484
7486
7488
7491
7495
7496
7497
7498
7499
7500
7503
7504
7505
7508
7509
7511
7512
7513
7515
7516
7518
7527
7529
7530
7531
7532
7537
7538
7545
7546
7551
7552
7553
7555
7556
7557
7563
7566
7567
7568
7569
7574
7575
7576
7577
7578
7580
7582
7584
7586
7587
7591
7592
7601
7605
7608
7611
7614
7615
7616
7618
7621
7624
7625
7626
7627
7630
7632
7633
7634
7635
7636
7638
7640
7642
7643
7645
7646
7653
7654
7667
7672
7674
7675
7676
7678
7679
7682
7683
7686
7687
7692
7696
7707
7710
7713
7715
7717
7718
7719
7720
7723
7724
7725
7727
7733
7736
7737
7738
7739
7744
7745
7752
7755
7759
7760
7762
7766
7767
7768
7772
7773
7774
7779
7780
7786
7792
7793
7798
7802
7804
7806
7809
7810
7812
7813
7817
7818
7819
7828
7829
7834
7835
7837
7839
7840
7846
7850
7851
7854
7863
7865
7867
7871
7878
7879
7881
7884
7885
7886
7887
7888
7889
7890
7892
7895
7896
7898
7902
7904
7905
7906
7909
7912
7922
7924
7928
7930
7932
7934
7936
7943
7945
7948
7950
7951
7953
7955
7956
7957
7958
7959
7960
7961
7964
7969
7970
7971
7978
7979
7981
7982
7983
7984
7985
7990
7993
7994
7995
7996
7998
7999
8006
8010
8011
8013
8014
8015
8016
8017
8020
8024
8028
8029
8033
8036
8040
8042
8043
8046
8048
8052
8055
8056
8061
8063
8064
8066
8068
8069
8070
8072
8075
8076
8077
8083
8090
7554
10001
10003
10004
10006
10011
10013
10017
10022
10026
10027
10028
10029
10030
10035
10036
10038
10039
10040
10043
10044
10046
10048
10050
10051
10052
10053
10055
10057
10058
10062
10064
10065
10068
10069
10072
10079
10085
10086
10087
10098
10101
10102
10104
10105
10110
10111
10112
10116
10118
10121
10124
10138
10139
10140
10143
10144
10148
10149
10152
10154
10158
10161
10167
10168
10169
10172
10173
10174
10176
10177
10179
10181
10182
10185
10187
10188
10189
10199
10201
10203
10204
10206
10212
10226
10227
10230
10231
10235
10243
10244
10245
10251
10252
10253
10259
10265
10267
10270
10278
10279
10281
10282
10287
10302
10304
10305
10307
10314
10318
10320
10326
10328
10330
10333
10334
10335
10336
10337
10338
10340
10343
10344
10349
10350
10351
10357
10358
10361
10364
10365
10370
10372
10374
10375
10376
10378
10380
10381
10382
10384
10385
10387
10388
10392
10394
10395
10396
10399
10401
10402
10405
10407
10411
10415
10418
10419
10421
10423
10425
10426
10427
10432
10433
10436
10437
10444
10450
10468
10473
10476
10477
10480
10481
10485
10487
10488
10490
10493
10496
10498
10499
10500
10501
10502
10504
10505
10508
10509
10510
10512
10513
10515
10516
10517
10520
10521
10527
10528
10529
10534
10535
10537
10538
10545
10552
10555
10558
10559
10563
10564
8092
8094
8096
8100
8102
8104
8105
8106
8112
8119
8121
8125
8127
8128
8129
8130
8131
8132
8134
8135
8136
8137
8138
8139
8140
8141
8142
8145
8146
8149
8150
8151
8153
8154
8155
8159
8162
8163
8164
8165
8168
8172
8173
8181
8183
8190
8191
8193
8195
8196
8200
8205
8206
8209
8226
8227
8228
8230
8231
8233
8235
8237
8238
8239
8243
8247
8248
8249
8250
8252
8253
8254
8256
8261
8263
8265
8269
8274
8277
8282
8287
8291
8292
8293
8294
8295
8297
8298
8301
8307
8310
8311
8312
8315
8317
8322
8324
8325
8332
8333
8337
8345
8346
8347
8350
8353
8354
8355
8357
8359
8360
8362
8366
8369
8372
8373
8386
8388
8389
8392
8394
8395
8397
8399
8400
8402
8405
8407
8409
8412
8413
8416
8417
8420
8421
8423
8424
8425
8426
8427
8428
8429
8432
8434
8435
8441
8442
8444
8445
8446
8453
8455
8457
8460
8463
8464
8467
8468
8469
8470
8471
8473
8475
8477
8478
8480
8483
8486
8492
8493
8495
8497
8501
8502
8505
8508
8510
8511
8516
8524
8525
8535
8536
8540
8541
8543
8548
8554
8559
8560
8566
8567
8568
8569
8574
8576
8579
8581
8583
8591
8595
8596
8597
8599
8601
8602
8603
8604
8607
8609
8612
8614
8616
8617
8618
8620
8623
8624
8625
8626
8630
8632
8634
8636
8637
8638
8642
8649
8650
8653
8654
8659
8661
8663
8664
8669
8671
8679
8683
8684
8685
8687
8691
8704
8705
8706
8707
8711
8713
8715
8716
8719
8721
8722
8727
8730
8731
8734
8739
8741
8746
8748
8751
8753
8756
8759
8760
8761
8762
8763
8766
8767
8770
8772
8777
8778
8779
8780
8781
8783
8784
8787
8789
8790
8791
8792
8797
10290
8465
8466
10566
10569
10574
10576
10577
10579
10584
10585
10589
10595
10596
10598
10599
10602
10603
10604
10605
10608
10609
10612
10616
10617
10622
10623
10625
10629
10630
10631
10632
10633
10636
10638
10639
10640
10642
10648
10652
10653
10655
10657
10659
10660
10661
10665
10666
10676
10688
10689
10690
10691
10693
10695
10699
10700
10701
10707
10708
10711
10715
10716
10718
10719
10723
10726
10731
10736
10737
10738
10740
10741
10743
10745
10748
10753
10756
10759
10764
10769
10770
10772
10773
10774
10777
10779
10786
10790
10793
10794
10801
10804
10805
10806
10807
10810
10815
10816
10817
10818
10819
10823
10827
10830
10832
10833
10837
10839
10842
10843
10848
10852
10855
10865
10868
10871
10872
10874
10878
10879
10881
10883
10885
10887
10888
10891
10893
10895
10896
10897
10898
10899
10902
10903
10910
10916
10917
10921
10922
10924
10926
10927
10930
10932
10933
10935
10936
10938
10939
10940
10949
10950
10954
10957
10961
10962
10965
10966
10968
10969
10970
10973
10974
10976
10977
10982
10985
10988
10989
10992
10994
10996
11003
11004
11009
11010
11011
11013
11014
11015
11016
11017
11018
11022
11024
11025
11027
11029
11041
11049
11050
11051
11058
11059
11061
11063
11065
11069
11075
11083
11086
11089
11090
11091
11094
11095
11096
11099
11103
11106
11108
11113
11115
11116
11121
11122
11124
11126
11127
11128
11129
11130
11131
11138
11140
11141
11145
11146
11148
11154
11156
11158
11160
11161
11162
11165
11177
11178
11182
11191
11194
11195
11203
11206
11208
11209
11213
11214
11217
11224
11225
11227
11228
11229
11230
11231
11239
11244
11245
11246
11247
11248
11249
11251
11252
11253
11256
11258
11263
11264
11265
11274
11275
11276
11277
11278
11279
11281
11284
11286
11287
11288
11290
11291
11294
11295
11296
11297
11299
11302
11310
11311
11312
11315
11317
11318
11319
11320
11324
11327
11328
11336
11337
11338
11343
11344
11349
11350
11351
11354
11355
11356
11358
11359
11364
11367
11368
11370
11372
11373
11374
11376
11379
11380
11385
11386
11388
11389
11391
11392
11393
11394
11396
11398
11399
11400
11401
11403
11406
11407
11408
11409
11411
11413
11415
11418
11423
11424
11427
11428
11430
11432
11436
11438
11439
11442
11443
11444
11446
11448
11450
11453
11458
11459
11460
11461
11462
11463
11467
11474
11479
11483
11487
11492
11495
11496
11498
11499
11501
11504
11505
11509
11510
11512
11514
11515
11519
11523
11528
11529
11531
11532
11535
11536
11542
11547
11549
11558
11568
11569
11576
11579
11582
11584
11586
11587
11588
11591
11592
11596
11598
11600
11603
11604
11607
11608
11620
11622
11631
11634
11643
11644
11646
11649
11652
11661
11662
11663
11664
11668
11670
11672
11673
11679
11682
11683
11684
11686
11690
11698
11705
11707
11709
11714
11715
11717
11722
11723
11726
11729
11731
11734
11736
11740
11742
11743
11744
11746
11753
11755
11756
11760
11761
11762
11764
11770
11774
11776
11777
11781
11784
11785
11786
11790
11797
11799
11801
11806
11807
11808
11810
11812
11815
11817
11822
11825
11826
11828
11830
11833
11834
11839
11840
11841
11844
11845
11848
11852
11853
11855
11861
11866
11867
11869
11874
11878
11884
11885
11890
11891
11893
11895
11900
11901
11902
11903
11905
11906
11907
11910
11915
11921
11923
11924
11925
11926
11927
11929
11931
11937
11939
11942
11947
11949
11951
11960
11963
11966
11977
11978
11979
11980
11982
11984
11986
11989
11990
11995
11996
11998
11999
12000
12003
12005
12006
12007
12010
12013
12014
12017
12019
12021
12025
12028
12029
12030
12034
12036
12040
12041
12043
12045
12052
12056
12062
12063
12064
12067
12068
12069
12073
12074
12081
12082
12083
12085
12087
12088
12089
12091
12092
12093
12096
12097
12098
12099
12100
12101
12102
12106
12109
12110
12123
12128
12134
12135
12136
12137
12144
12146
12154
12155
12156
12167
12170
12172
12173
12175
12179
12180
12183
12194
12197
12199
12202
12203
12204
12206
12208
12209
12213
12214
12218
12219
12220
12224
12228
12233
12234
12239
12240
12241
12243
12246
12249
12250
12254
12261
12262
12264
12265
12266
12268
12273
12276
12280
12281
12283
12285
12286
12289
12292
12297
12300
12304
12305
12306
12307
12309
12312
12315
12317
12318
12319
12321
12326
12336
12337
12338
12339
12343
12346
12347
12348
12350
12353
12355
12360
12361
12362
12363
12378
12381
12382
12383
12388
12390
12394
12401
12406
12408
12414
12421
12423
12424
12427
12428
12430
12433
12435
12436
12440
12444
12456
12457
12460
12462
12467
12472
12473
12476
12477
12478
12481
12489
12490
12498
12499
12501
12503
12506
12509
12511
12516
12519
12522
12523
12524
12538
12542
12544
12546
12547
12548
12549
12551
12555
12557
12560
12562
12568
12570
12572
12574
12577
12578
12579
12580
12581
12582
12583
12590
12593
12594
12598
12599
12601
12602
12609
12610
12612
12613
12614
12615
12616
12618
12623
12624
12630
12631
12633
12636
12637
12639
12643
12644
12653
12657
12658
12662
12663
12664
12666
12668
12671
12672
12674
12675
12678
12681
12683
12685
12687
12689
12692
12700
12701
12705
12706
12708
12712
12713
12715
12723
12725
12726
12727
12730
12734
12735
12737
12739
12741
12742
12743
12744
12747
12749
12759
12762
12764
12774
12775
12777
12780
12781
12791
12796
12799
12801
12803
12805
12807
12810
12811
12812
12813
12815
12816
12819
12822
12824
12826
12827
12830
12832
12834
12837
12838
12839
12840
12843
12845
12849
12850
12853
12856
12861
12863
12867
12869
12870
12871
12873
12874
12876
12879
12882
12883
12885
12887
12890
12892
12895
12903
12906
12909
12910
12911
12916
12923
12926
12930
12932
12933
12934
12938
12940
12941
12942
12944
12949
12950
12951
12960
12961
12969
12972
12973
12975
12978
12979
12991
12993
12994
12996
12998
13004
13005
13006
13007
13012
13013
13016
13018
13020
13021
13023
13026
13028
13033
13037
13039
13040
13041
13042
13044
13045
13046
13051
13052
13055
13059
13061
13066
13071
13072
13073
13075
13076
13077
13080
13082
13083
13089
13098
13099
13106
13112
13115
13116
13120
13122
13126
13127
13128
13129
13131
13132
13136
13140
13144
13146
13148
13149
13151
13154
13156
13157
13158
13160
13167
13170
13173
13174
13175
13177
13178
13180
13181
13183
13194
13198
13207
13208
13210
13212
13215
13216
13218
13219
13234
