D:\yntrust\PycharmProjects\captcha_detection\images\11867.png 173,127,212,168,0 205,80,243,120,0 243,64,279,97,0 297,78,330,110,0 354,55,385,86,0 214,142,248,176,0
D:\yntrust\PycharmProjects\captcha_detection\images\11869.png 34,48,63,78,0 15,77,48,109,0 100,145,136,182,0 255,109,284,137,0 302,138,337,177,0 265,154,304,194,0
D:\yntrust\PycharmProjects\captcha_detection\images\11874.png 31,122,66,156,0 57,156,89,189,0 95,117,127,150,0 127,81,164,118,0 190,51,224,84,0 324,79,360,118,0
D:\yntrust\PycharmProjects\captcha_detection\images\11878.png 89,94,123,130,0 133,46,158,77,0 162,72,199,110,0 118,156,151,189,0 284,82,316,115,0 334,150,369,186,0
D:\yntrust\PycharmProjects\captcha_detection\images\11884.png 42,59,74,93,0 55,106,84,136,0 22,157,52,188,0 140,135,170,167,0 212,154,245,187,0 280,75,312,107,0
D:\yntrust\PycharmProjects\captcha_detection\images\11885.png 44,47,82,86,0 171,46,206,79,0 225,97,259,132,0 285,49,313,78,0 317,43,348,75,0 313,120,341,149,0
D:\yntrust\PycharmProjects\captcha_detection\images\11890.png 35,59,65,88,0 21,85,58,121,0 26,134,57,165,0 123,132,157,167,0 170,87,207,123,0 329,62,357,91,0
D:\yntrust\PycharmProjects\captcha_detection\images\11891.png 103,86,134,117,0 155,40,195,77,0 267,126,295,154,0 334,82,362,111,0 323,121,353,149,0 352,141,388,177,0
D:\yntrust\PycharmProjects\captcha_detection\images\11893.png 15,125,50,159,0 66,87,102,121,0 76,122,105,152,0 146,54,178,88,0 228,121,261,155,0 202,149,236,184,0
D:\yntrust\PycharmProjects\captcha_detection\images\11895.png 27,55,58,92,0 188,45,220,78,0 135,132,172,168,0 264,83,295,116,0 244,116,274,145,0 293,144,327,178,0
D:\yntrust\PycharmProjects\captcha_detection\images\11900.png 43,48,78,85,0 31,152,62,181,0 225,71,254,102,0 213,106,245,139,0 320,74,352,111,0 313,151,347,186,0
D:\yntrust\PycharmProjects\captcha_detection\images\11901.png 17,142,53,176,0 119,85,154,122,0 174,55,200,83,0 229,77,259,106,0 227,150,261,185,0 315,145,345,177,0
D:\yntrust\PycharmProjects\captcha_detection\images\11902.png 36,86,65,122,0 65,133,101,169,0 256,90,293,127,0 360,54,389,84,0 271,146,295,175,0 306,139,338,173,0
D:\yntrust\PycharmProjects\captcha_detection\images\11903.png 37,83,68,112,0 68,119,98,150,0 169,110,207,149,0 268,105,301,136,0 342,41,373,74,0 340,144,373,181,0
D:\yntrust\PycharmProjects\captcha_detection\images\11905.png 162,80,191,110,0 131,111,165,151,0 175,123,212,161,0 281,42,316,79,0 354,39,387,71,0 340,79,369,109,0
D:\yntrust\PycharmProjects\captcha_detection\images\11906.png 25,85,56,118,0 106,61,134,88,0 180,62,218,97,0 141,147,172,180,0 255,95,285,126,0 298,156,332,191,0
D:\yntrust\PycharmProjects\captcha_detection\images\11907.png 42,64,71,94,0 76,128,108,161,0 144,142,171,172,0 185,94,220,127,0 222,141,259,178,0 345,67,377,103,0
D:\yntrust\PycharmProjects\captcha_detection\images\11910.png 108,48,144,83,0 166,74,199,107,0 194,52,227,86,0 288,67,320,101,0 214,155,245,184,0 362,94,397,129,0
D:\yntrust\PycharmProjects\captcha_detection\images\11915.png 75,73,113,112,0 35,105,67,137,0 77,153,114,189,0 173,150,205,189,0 214,141,248,175,0 310,95,344,130,0
D:\yntrust\PycharmProjects\captcha_detection\images\11921.png 75,109,113,147,0 133,45,169,81,0 147,106,186,145,0 131,154,163,191,0 211,97,245,133,0 296,59,330,93,0
D:\yntrust\PycharmProjects\captcha_detection\images\11923.png 34,48,73,87,0 117,114,145,144,0 241,89,263,121,0 245,132,274,164,0 312,80,346,115,0 342,157,369,187,0
D:\yntrust\PycharmProjects\captcha_detection\images\11924.png 21,92,55,126,0 72,38,108,76,0 111,95,140,126,0 137,86,165,116,0 112,154,140,184,0 295,140,327,173,0
D:\yntrust\PycharmProjects\captcha_detection\images\11925.png 20,75,57,114,0 71,47,107,82,0 198,80,227,109,0 212,133,242,163,0 290,115,324,149,0 348,121,384,158,0
D:\yntrust\PycharmProjects\captcha_detection\images\11926.png 64,76,95,106,0 24,138,56,176,0 145,147,175,179,0 205,122,238,157,0 249,131,282,162,0 300,59,337,93,0
D:\yntrust\PycharmProjects\captcha_detection\images\11927.png 28,104,58,138,0 69,135,100,164,0 98,61,131,93,0 218,83,250,114,0 344,45,373,76,0 333,115,366,149,0
D:\yntrust\PycharmProjects\captcha_detection\images\11929.png 32,93,65,125,0 99,133,132,167,0 135,153,171,189,0 218,80,255,116,0 274,111,305,143,0 357,117,383,143,0
D:\yntrust\PycharmProjects\captcha_detection\images\11931.png 27,62,66,100,0 230,42,261,71,0 273,78,302,109,0 260,111,294,147,0 347,107,379,140,0 343,156,371,185,0
D:\yntrust\PycharmProjects\captcha_detection\images\11937.png 71,50,109,90,0 40,157,71,192,0 238,43,275,79,0 273,53,304,82,0 235,96,263,126,0 296,86,328,117,0
D:\yntrust\PycharmProjects\captcha_detection\images\11939.png 78,131,112,171,0 238,61,277,98,0 283,44,316,78,0 335,114,366,147,0 283,139,315,171,0 338,153,374,190,0
D:\yntrust\PycharmProjects\captcha_detection\images\11942.png 18,60,56,98,0 176,88,205,118,0 188,141,227,178,0 280,100,315,137,0 339,83,373,116,0 353,131,386,165,0
D:\yntrust\PycharmProjects\captcha_detection\images\11947.png 56,117,95,159,0 112,131,146,165,0 153,145,187,177,0 260,104,290,136,0 287,98,325,135,0 335,128,366,159,0
D:\yntrust\PycharmProjects\captcha_detection\images\11949.png 89,53,122,86,0 97,93,133,128,0 25,129,56,163,0 178,49,209,81,0 237,108,270,141,0 314,90,351,130,0
D:\yntrust\PycharmProjects\captcha_detection\images\11951.png 73,102,103,133,0 66,151,97,182,0 221,98,254,131,0 320,51,357,88,0 298,99,328,137,0 296,143,333,181,0
D:\yntrust\PycharmProjects\captcha_detection\images\11960.png 40,152,74,191,0 114,145,152,183,0 335,48,369,80,0 287,111,317,142,0 246,156,283,194,0 358,135,390,167,0
D:\yntrust\PycharmProjects\captcha_detection\images\11963.png 53,83,89,123,0 269,72,302,111,0 301,106,337,141,0 328,130,357,163,0 242,150,273,183,0 287,150,319,184,0
D:\yntrust\PycharmProjects\captcha_detection\images\11966.png 79,55,109,90,0 126,44,164,82,0 77,127,107,157,0 206,72,241,110,0 263,43,295,73,0 333,148,365,184,0
D:\yntrust\PycharmProjects\captcha_detection\images\11977.png 74,155,104,185,0 80,121,119,157,0 131,80,166,120,0 179,93,211,125,0 227,146,266,184,0 304,60,341,98,0
D:\yntrust\PycharmProjects\captcha_detection\images\11978.png 122,77,156,111,0 124,119,155,152,0 155,132,190,171,0 244,51,272,82,0 268,102,303,135,0 338,65,371,100,0
D:\yntrust\PycharmProjects\captcha_detection\images\11979.png 23,85,58,122,0 44,128,76,160,0 119,133,158,170,0 222,49,256,86,0 279,112,316,149,0 355,76,388,110,0
D:\yntrust\PycharmProjects\captcha_detection\images\11980.png 43,156,79,191,0 91,109,128,147,0 278,109,312,145,0 312,113,348,153,0 333,80,367,116,0 287,145,322,183,0
D:\yntrust\PycharmProjects\captcha_detection\images\11982.png 54,87,85,118,0 111,52,143,85,0 178,90,205,121,0 172,155,201,184,0 305,107,343,146,0 348,99,385,138,0
D:\yntrust\PycharmProjects\captcha_detection\images\11984.png 18,84,51,119,0 104,112,142,147,0 155,68,191,103,0 189,53,218,84,0 236,98,269,132,0 160,154,196,188,0
D:\yntrust\PycharmProjects\captcha_detection\images\11986.png 110,54,147,91,0 146,48,183,85,0 319,39,344,71,0 312,89,351,128,0 207,136,238,170,0 15,155,46,186,0
D:\yntrust\PycharmProjects\captcha_detection\images\11989.png 35,46,65,77,0 42,90,67,119,0 187,63,214,96,0 234,126,267,158,0 296,81,334,120,0 314,150,347,185,0
D:\yntrust\PycharmProjects\captcha_detection\images\11990.png 84,68,115,99,0 63,103,102,142,0 130,154,159,183,0 171,144,201,178,0 214,125,244,156,0 264,143,298,177,0
D:\yntrust\PycharmProjects\captcha_detection\images\11995.png 66,116,99,153,0 154,53,185,88,0 209,92,239,124,0 149,154,178,184,0 220,154,257,193,0 335,47,366,83,0
D:\yntrust\PycharmProjects\captcha_detection\images\11996.png 28,77,57,108,0 154,41,185,71,0 188,67,225,103,0 152,117,182,145,0 245,58,285,96,0 304,86,338,120,0
D:\yntrust\PycharmProjects\captcha_detection\images\11998.png 51,45,80,80,0 180,83,217,118,0 148,139,183,175,0 180,156,218,192,0 285,144,314,177,0 357,152,394,185,0
D:\yntrust\PycharmProjects\captcha_detection\images\11999.png 66,59,105,98,0 56,134,82,170,0 196,46,225,81,0 239,58,273,95,0 172,138,211,176,0 231,153,259,181,0
D:\yntrust\PycharmProjects\captcha_detection\images\12000.png 106,124,136,157,0 168,150,207,188,0 259,52,293,87,0 319,42,343,72,0 297,135,335,172,0 349,131,379,166,0
D:\yntrust\PycharmProjects\captcha_detection\images\12003.png 106,151,137,187,0 194,146,223,175,0 313,53,344,84,0 292,147,325,178,0 356,112,384,146,0 357,158,394,195,0
D:\yntrust\PycharmProjects\captcha_detection\images\12005.png 26,65,67,103,0 162,58,191,86,0 209,75,246,114,0 87,161,119,194,0 192,148,222,182,0 319,80,350,110,0
D:\yntrust\PycharmProjects\captcha_detection\images\12006.png 72,52,105,84,0 23,148,53,178,0 210,53,241,85,0 268,102,291,127,0 218,123,251,158,0 282,130,314,162,0
D:\yntrust\PycharmProjects\captcha_detection\images\12007.png 33,58,68,98,0 96,53,125,82,0 136,40,173,76,0 189,75,225,112,0 146,104,183,144,0 364,113,392,143,0
D:\yntrust\PycharmProjects\captcha_detection\images\12010.png 50,38,80,69,0 158,62,187,93,0 257,75,288,106,0 306,43,333,77,0 280,121,313,153,0 317,147,349,184,0
D:\yntrust\PycharmProjects\captcha_detection\images\12013.png 50,74,80,104,0 227,159,257,188,0 256,117,291,151,0 319,98,346,127,0 337,43,367,75,0 349,146,379,176,0
D:\yntrust\PycharmProjects\captcha_detection\images\12014.png 64,128,103,166,0 153,58,192,97,0 197,67,234,103,0 301,118,331,146,0 359,118,392,152,0 329,146,366,186,0
D:\yntrust\PycharmProjects\captcha_detection\images\12017.png 16,153,46,184,0 91,111,122,145,0 131,62,165,96,0 125,102,160,142,0 191,120,223,154,0 257,68,294,103,0
D:\yntrust\PycharmProjects\captcha_detection\images\12019.png 17,149,55,187,0 120,76,153,112,0 121,162,149,197,0 200,109,227,140,0 289,118,320,150,0 354,150,388,184,0
D:\yntrust\PycharmProjects\captcha_detection\images\12021.png 29,63,63,96,0 27,121,64,159,0 116,114,151,151,0 172,60,205,95,0 210,110,242,143,0 353,44,392,83,0
D:\yntrust\PycharmProjects\captcha_detection\images\12025.png 47,98,73,129,0 154,109,186,145,0 235,114,261,142,0 272,59,303,89,0 320,40,348,70,0 329,114,361,147,0
D:\yntrust\PycharmProjects\captcha_detection\images\12028.png 48,51,76,81,0 56,102,88,132,0 17,134,47,164,0 92,94,125,127,0 224,58,262,97,0 359,133,396,169,0
D:\yntrust\PycharmProjects\captcha_detection\images\12029.png 89,87,127,124,0 171,139,201,170,0 295,83,327,120,0 319,54,349,83,0 306,131,343,169,0 347,136,380,173,0
D:\yntrust\PycharmProjects\captcha_detection\images\12030.png 105,85,138,122,0 183,40,215,74,0 102,157,132,194,0 180,151,210,182,0 282,124,311,157,0 310,92,341,127,0
D:\yntrust\PycharmProjects\captcha_detection\images\12034.png 112,61,140,94,0 90,95,122,130,0 235,69,264,98,0 252,134,287,171,0 323,149,355,180,0 355,113,385,141,0
D:\yntrust\PycharmProjects\captcha_detection\images\12036.png 21,94,52,132,0 44,159,75,191,0 149,38,175,67,0 248,92,288,130,0 231,135,269,172,0 344,86,375,117,0
D:\yntrust\PycharmProjects\captcha_detection\images\12040.png 149,70,184,104,0 224,118,260,152,0 274,64,308,98,0 325,47,355,83,0 354,81,389,117,0 332,150,365,184,0
D:\yntrust\PycharmProjects\captcha_detection\images\12041.png 27,101,64,139,0 66,102,101,139,0 105,43,143,85,0 234,69,270,105,0 170,154,198,187,0 347,112,377,145,0
D:\yntrust\PycharmProjects\captcha_detection\images\12043.png 21,51,57,88,0 65,149,95,179,0 154,132,187,166,0 212,107,245,142,0 252,66,291,103,0 350,74,378,105,0
D:\yntrust\PycharmProjects\captcha_detection\images\12045.png 34,85,74,124,0 172,146,209,184,0 208,82,246,122,0 264,63,303,101,0 314,74,348,109,0 283,136,310,169,0
D:\yntrust\PycharmProjects\captcha_detection\images\12052.png 85,108,116,141,0 107,75,144,112,0 131,159,163,192,0 261,92,298,131,0 326,94,356,126,0 350,78,381,110,0
D:\yntrust\PycharmProjects\captcha_detection\images\12056.png 47,144,77,177,0 107,99,138,130,0 147,62,184,99,0 218,93,249,124,0 259,44,288,73,0 255,147,284,179,0
D:\yntrust\PycharmProjects\captcha_detection\images\12062.png 53,155,85,191,0 123,159,158,194,0 153,93,187,129,0 249,80,279,110,0 334,68,361,98,0 284,158,318,191,0
D:\yntrust\PycharmProjects\captcha_detection\images\12063.png 26,69,63,109,0 115,67,145,97,0 235,89,269,121,0 314,45,340,76,0 343,55,377,89,0 360,125,390,156,0
D:\yntrust\PycharmProjects\captcha_detection\images\12064.png 58,39,89,70,0 77,75,108,106,0 36,145,66,177,0 234,121,269,156,0 311,114,347,150,0 329,42,364,80,0
D:\yntrust\PycharmProjects\captcha_detection\images\12067.png 82,47,114,78,0 160,95,191,129,0 199,98,234,131,0 221,65,258,101,0 294,62,324,93,0 303,145,342,181,0
D:\yntrust\PycharmProjects\captcha_detection\images\12068.png 17,126,46,157,0 58,123,88,159,0 76,82,113,119,0 297,77,327,106,0 332,62,363,92,0 328,149,361,183,0
D:\yntrust\PycharmProjects\captcha_detection\images\12069.png 127,156,153,186,0 219,57,239,86,0 253,56,290,95,0 235,91,275,130,0 359,68,387,98,0 311,151,340,181,0
D:\yntrust\PycharmProjects\captcha_detection\images\12073.png 66,40,102,75,0 92,111,130,150,0 151,136,180,165,0 224,59,259,90,0 217,136,246,167,0 338,103,376,141,0
D:\yntrust\PycharmProjects\captcha_detection\images\12074.png 262,49,293,79,0 309,72,345,111,0 238,120,278,158,0 276,141,311,177,0 202,158,238,196,0 319,154,355,190,0
D:\yntrust\PycharmProjects\captcha_detection\images\12081.png 113,128,152,165,0 197,88,234,125,0 233,110,269,146,0 281,60,319,100,0 333,64,370,100,0 319,151,353,186,0
D:\yntrust\PycharmProjects\captcha_detection\images\12082.png 47,81,71,109,0 93,69,118,101,0 147,62,180,97,0 171,93,206,127,0 227,79,263,117,0 108,121,139,152,0
D:\yntrust\PycharmProjects\captcha_detection\images\12083.png 132,124,170,161,0 205,92,234,126,0 237,56,271,91,0 271,77,303,107,0 242,105,273,136,0 280,106,311,140,0
D:\yntrust\PycharmProjects\captcha_detection\images\12085.png 61,93,88,123,0 95,45,134,84,0 185,58,217,92,0 210,97,247,134,0 160,124,197,163,0 220,144,250,174,0
D:\yntrust\PycharmProjects\captcha_detection\images\12087.png 24,49,58,82,0 47,99,79,132,0 112,109,142,141,0 74,130,108,164,0 172,149,207,186,0 362,135,397,169,0
D:\yntrust\PycharmProjects\captcha_detection\images\12088.png 192,40,227,76,0 155,70,186,103,0 144,115,180,157,0 255,144,286,174,0 306,158,342,195,0 348,126,383,161,0
D:\yntrust\PycharmProjects\captcha_detection\images\12089.png 114,37,144,68,0 78,86,115,124,0 136,93,169,128,0 107,133,135,169,0 320,66,349,102,0 307,112,341,148,0
D:\yntrust\PycharmProjects\captcha_detection\images\12091.png 21,130,54,164,0 55,140,94,178,0 180,63,209,93,0 247,84,276,116,0 279,73,309,104,0 322,104,360,142,0
D:\yntrust\PycharmProjects\captcha_detection\images\12092.png 34,62,70,100,0 135,54,172,91,0 197,68,230,103,0 301,40,337,77,0 305,81,344,117,0 311,120,341,152,0
D:\yntrust\PycharmProjects\captcha_detection\images\12093.png 15,47,45,79,0 41,60,68,89,0 28,143,65,180,0 150,130,184,166,0 349,105,376,138,0 360,160,390,191,0
D:\yntrust\PycharmProjects\captcha_detection\images\12096.png 104,104,135,133,0 198,46,224,74,0 215,91,245,122,0 141,149,177,188,0 264,139,297,174,0 289,97,327,136,0
D:\yntrust\PycharmProjects\captcha_detection\images\12097.png 22,96,48,132,0 96,48,132,87,0 266,90,298,128,0 339,82,372,117,0 317,119,348,150,0 317,147,346,177,0
D:\yntrust\PycharmProjects\captcha_detection\images\12098.png 38,67,67,96,0 37,113,70,147,0 72,112,105,146,0 32,162,72,200,0 115,155,151,194,0 263,69,296,107,0
D:\yntrust\PycharmProjects\captcha_detection\images\12099.png 70,47,102,81,0 101,59,140,98,0 44,135,73,165,0 72,139,110,176,0 225,67,262,104,0 344,98,377,132,0
D:\yntrust\PycharmProjects\captcha_detection\images\12100.png 76,42,101,73,0 132,75,164,111,0 78,144,114,180,0 188,143,223,176,0 350,64,382,99,0 332,156,361,185,0
D:\yntrust\PycharmProjects\captcha_detection\images\12101.png 34,132,73,170,0 160,64,196,102,0 147,148,186,188,0 218,132,248,171,0 246,152,280,191,0 362,119,398,156,0
D:\yntrust\PycharmProjects\captcha_detection\images\12102.png 19,116,51,150,0 84,45,122,85,0 86,130,119,166,0 205,49,240,84,0 195,116,227,150,0 225,138,261,174,0
D:\yntrust\PycharmProjects\captcha_detection\images\12106.png 30,66,53,94,0 53,64,92,102,0 128,43,159,76,0 30,149,63,188,0 136,162,170,198,0 348,58,385,95,0
D:\yntrust\PycharmProjects\captcha_detection\images\12109.png 38,107,74,143,0 102,152,140,191,0 183,70,216,105,0 204,138,236,172,0 358,41,384,74,0 313,139,346,171,0
D:\yntrust\PycharmProjects\captcha_detection\images\12110.png 40,56,70,87,0 44,111,79,146,0 146,116,181,149,0 226,90,258,123,0 297,151,333,187,0 348,125,378,158,0
D:\yntrust\PycharmProjects\captcha_detection\images\12123.png 53,90,83,124,0 17,142,54,179,0 110,157,147,195,0 168,101,197,131,0 172,63,201,100,0 308,147,339,179,0
D:\yntrust\PycharmProjects\captcha_detection\images\12128.png 36,78,67,111,0 24,111,61,149,0 65,153,96,183,0 171,148,200,183,0 220,85,255,118,0 347,102,386,142,0
D:\yntrust\PycharmProjects\captcha_detection\images\12134.png 66,39,99,75,0 55,72,83,106,0 105,58,142,93,0 256,116,293,153,0 309,135,334,167,0 252,163,284,200,0
D:\yntrust\PycharmProjects\captcha_detection\images\12135.png 35,159,71,198,0 86,133,120,169,0 174,81,206,116,0 238,46,274,84,0 342,121,373,152,0 324,147,357,180,0
D:\yntrust\PycharmProjects\captcha_detection\images\12136.png 47,53,87,91,0 135,143,167,177,0 197,112,223,145,0 223,103,256,135,0 288,147,321,181,0 321,129,359,167,0
D:\yntrust\PycharmProjects\captcha_detection\images\12137.png 130,133,160,163,0 164,60,197,94,0 209,90,244,127,0 210,126,246,157,0 243,145,274,180,0 260,105,292,140,0
D:\yntrust\PycharmProjects\captcha_detection\images\12144.png 193,75,218,104,0 198,119,230,155,0 246,97,282,133,0 306,100,342,136,0 358,64,386,99,0 361,157,392,194,0
D:\yntrust\PycharmProjects\captcha_detection\images\12146.png 116,74,147,104,0 154,111,182,142,0 102,117,136,151,0 102,152,134,187,0 51,147,84,181,0 321,89,350,120,0
D:\yntrust\PycharmProjects\captcha_detection\images\12154.png 42,104,83,142,0 105,66,137,99,0 142,114,172,144,0 176,123,207,155,0 300,102,334,136,0 298,145,329,175,0
D:\yntrust\PycharmProjects\captcha_detection\images\12155.png 17,61,56,101,0 79,94,112,125,0 116,72,150,105,0 154,55,193,92,0 92,150,123,186,0 346,60,383,95,0
D:\yntrust\PycharmProjects\captcha_detection\images\12156.png 47,56,81,95,0 92,138,121,168,0 161,134,193,172,0 198,131,229,162,0 261,70,298,110,0 347,154,376,190,0
D:\yntrust\PycharmProjects\captcha_detection\images\12167.png 73,50,106,84,0 74,116,103,147,0 55,164,85,194,0 160,155,193,187,0 231,87,258,116,0 328,70,355,100,0
D:\yntrust\PycharmProjects\captcha_detection\images\12170.png 56,131,93,168,0 168,154,200,192,0 197,92,230,127,0 339,74,371,108,0 357,136,394,171,0 339,161,375,200,0
D:\yntrust\PycharmProjects\captcha_detection\images\12172.png 35,67,62,97,0 69,57,100,88,0 106,50,141,87,0 223,88,260,123,0 318,73,349,102,0 334,115,368,150,0
D:\yntrust\PycharmProjects\captcha_detection\images\12173.png 52,49,90,88,0 34,151,68,183,0 160,55,189,86,0 302,70,335,104,0 298,103,333,135,0 247,121,285,158,0
D:\yntrust\PycharmProjects\captcha_detection\images\12175.png 99,94,134,130,0 186,44,217,78,0 286,45,322,83,0 350,94,379,124,0 327,118,355,149,0 252,121,289,158,0
D:\yntrust\PycharmProjects\captcha_detection\images\12179.png 89,64,123,99,0 130,74,164,108,0 45,112,78,148,0 90,118,123,152,0 173,148,211,184,0 266,133,295,163,0
D:\yntrust\PycharmProjects\captcha_detection\images\12180.png 76,56,104,83,0 116,139,154,176,0 164,107,196,142,0 170,163,209,200,0 229,98,260,131,0 299,104,328,133,0
D:\yntrust\PycharmProjects\captcha_detection\images\12183.png 49,40,86,78,0 83,114,121,153,0 161,97,199,137,0 167,150,200,183,0 352,78,389,115,0 338,128,372,163,0
D:\yntrust\PycharmProjects\captcha_detection\images\12194.png 105,48,134,81,0 148,103,181,134,0 151,138,180,168,0 292,85,328,120,0 260,140,290,170,0 315,121,351,157,0
D:\yntrust\PycharmProjects\captcha_detection\images\12197.png 105,54,143,91,0 190,82,224,118,0 225,73,255,104,0 268,53,308,92,0 341,99,372,131,0 252,129,277,157,0
D:\yntrust\PycharmProjects\captcha_detection\images\12199.png 60,107,89,138,0 168,153,195,183,0 224,154,252,184,0 256,127,291,167,0 286,164,318,196,0 314,68,353,109,0
D:\yntrust\PycharmProjects\captcha_detection\images\12202.png 24,122,49,151,0 205,133,239,169,0 260,94,293,128,0 313,77,347,113,0 303,134,330,163,0 356,147,392,186,0
D:\yntrust\PycharmProjects\captcha_detection\images\12203.png 102,80,132,111,0 80,130,119,168,0 156,129,185,160,0 187,122,218,154,0 233,51,271,88,0 353,49,378,78,0
D:\yntrust\PycharmProjects\captcha_detection\images\12204.png 130,107,160,138,0 193,113,228,148,0 186,147,226,185,0 239,130,271,170,0 315,124,349,160,0 348,141,382,181,0
D:\yntrust\PycharmProjects\captcha_detection\images\12206.png 83,63,122,101,0 61,104,100,142,0 20,147,54,181,0 84,141,125,180,0 138,145,172,182,0 186,144,213,178,0
D:\yntrust\PycharmProjects\captcha_detection\images\12208.png 180,90,214,128,0 250,115,289,154,0 224,152,253,185,0 262,160,293,197,0 322,53,354,89,0 334,156,366,188,0
D:\yntrust\PycharmProjects\captcha_detection\images\12209.png 25,74,55,106,0 130,123,161,155,0 242,94,278,127,0 263,134,295,167,0 317,155,347,189,0 348,114,380,146,0
D:\yntrust\PycharmProjects\captcha_detection\images\12213.png 25,99,64,136,0 25,147,63,185,0 160,98,191,130,0 186,78,212,112,0 255,92,293,130,0 363,76,400,115,0
D:\yntrust\PycharmProjects\captcha_detection\images\12214.png 25,147,49,174,0 34,91,69,130,0 104,71,141,109,0 170,133,202,168,0 264,65,302,104,0 323,44,359,83,0
D:\yntrust\PycharmProjects\captcha_detection\images\12218.png 59,40,98,77,0 86,69,123,105,0 205,48,234,79,0 213,126,247,161,0 282,41,308,75,0 352,128,383,163,0
D:\yntrust\PycharmProjects\captcha_detection\images\12219.png 46,146,79,182,0 112,101,148,141,0 164,163,196,198,0 222,145,253,178,0 271,147,304,181,0 293,114,328,148,0
D:\yntrust\PycharmProjects\captcha_detection\images\12220.png 93,39,131,77,0 55,144,90,178,0 185,130,214,162,0 261,122,298,158,0 333,106,363,139,0 342,142,373,174,0
D:\yntrust\PycharmProjects\captcha_detection\images\12224.png 39,53,75,89,0 25,130,53,166,0 132,75,171,113,0 252,87,282,117,0 327,117,362,154,0 361,157,391,187,0
D:\yntrust\PycharmProjects\captcha_detection\images\12228.png 38,79,68,110,0 43,115,79,154,0 125,80,156,112,0 98,150,133,185,0 199,114,227,147,0 358,97,392,132,0
D:\yntrust\PycharmProjects\captcha_detection\images\12233.png 119,62,149,96,0 168,89,199,121,0 247,85,278,122,0 297,47,332,83,0 339,64,378,102,0 325,118,357,155,0
D:\yntrust\PycharmProjects\captcha_detection\images\12234.png 55,92,93,129,0 85,137,118,169,0 152,67,189,104,0 231,125,262,159,0 256,90,282,120,0 364,78,400,117,0
D:\yntrust\PycharmProjects\captcha_detection\images\12239.png 25,118,54,149,0 109,149,139,180,0 188,45,214,76,0 237,72,266,101,0 336,111,366,143,0 348,54,381,88,0
D:\yntrust\PycharmProjects\captcha_detection\images\12240.png 86,113,121,152,0 117,146,147,179,0 160,135,189,165,0 242,156,271,188,0 290,129,320,160,0 301,73,339,111,0
D:\yntrust\PycharmProjects\captcha_detection\images\12241.png 74,58,111,93,0 150,51,181,84,0 71,140,111,178,0 162,128,197,163,0 233,132,266,164,0 289,87,324,123,0
D:\yntrust\PycharmProjects\captcha_detection\images\12243.png 22,76,52,106,0 165,99,200,136,0 223,82,261,120,0 223,123,253,155,0 263,94,295,124,0 260,134,294,167,0
D:\yntrust\PycharmProjects\captcha_detection\images\12246.png 119,84,148,114,0 147,73,176,101,0 157,102,193,141,0 114,153,148,187,0 243,140,283,180,0 250,74,281,103,0
D:\yntrust\PycharmProjects\captcha_detection\images\12249.png 80,54,110,85,0 181,74,213,105,0 233,63,267,97,0 277,80,309,114,0 339,47,371,80,0 328,131,366,170,0
D:\yntrust\PycharmProjects\captcha_detection\images\12250.png 25,119,65,160,0 112,62,142,94,0 194,72,225,108,0 329,66,367,106,0 365,53,400,89,0 303,138,334,168,0
D:\yntrust\PycharmProjects\captcha_detection\images\12254.png 137,72,167,103,0 201,79,235,113,0 241,46,272,78,0 279,57,309,90,0 261,150,291,183,0 338,115,375,152,0
D:\yntrust\PycharmProjects\captcha_detection\images\12261.png 20,53,51,87,0 113,115,145,151,0 229,114,262,148,0 325,51,357,85,0 352,106,392,144,0 321,140,354,176,0
D:\yntrust\PycharmProjects\captcha_detection\images\12262.png 114,50,142,85,0 141,58,170,89,0 98,86,125,117,0 149,97,181,132,0 335,46,371,83,0 340,108,374,143,0
D:\yntrust\PycharmProjects\captcha_detection\images\12264.png 38,54,67,85,0 90,62,119,93,0 184,53,219,89,0 233,59,265,95,0 282,94,313,124,0 205,119,236,155,0
D:\yntrust\PycharmProjects\captcha_detection\images\12265.png 46,106,79,139,0 211,43,242,74,0 284,50,321,87,0 359,76,387,106,0 228,103,261,134,0 253,153,287,189,0
D:\yntrust\PycharmProjects\captcha_detection\images\12266.png 26,50,59,83,0 59,52,91,89,0 15,100,43,132,0 227,42,251,73,0 232,138,263,169,0 289,142,324,179,0
D:\yntrust\PycharmProjects\captcha_detection\images\12268.png 88,46,120,80,0 63,89,91,117,0 89,158,120,190,0 182,84,218,119,0 218,114,251,148,0 315,143,349,169,0
D:\yntrust\PycharmProjects\captcha_detection\images\12273.png 58,66,97,105,0 158,62,187,94,0 121,152,159,189,0 208,74,241,108,0 232,49,267,81,0 276,68,309,101,0
D:\yntrust\PycharmProjects\captcha_detection\images\12276.png 54,75,90,114,0 22,150,55,182,0 174,111,209,148,0 240,139,274,173,0 318,54,346,85,0 302,139,337,176,0
D:\yntrust\PycharmProjects\captcha_detection\images\12280.png 72,70,107,104,0 101,117,140,158,0 76,152,100,179,0 163,75,189,104,0 150,154,184,187,0 211,162,242,193,0
D:\yntrust\PycharmProjects\captcha_detection\images\12281.png 92,150,121,182,0 184,41,223,79,0 211,84,241,115,0 196,138,226,169,0 312,47,351,85,0 304,112,337,150,0
D:\yntrust\PycharmProjects\captcha_detection\images\12283.png 113,100,142,130,0 69,138,101,168,0 240,92,274,127,0 312,63,342,95,0 305,116,335,153,0 359,48,392,80,0
D:\yntrust\PycharmProjects\captcha_detection\images\12285.png 93,107,124,138,0 174,41,209,76,0 194,72,229,107,0 190,116,225,151,0 280,157,314,191,0 343,142,377,176,0
D:\yntrust\PycharmProjects\captcha_detection\images\12286.png 53,58,85,90,0 35,85,67,117,0 68,135,99,163,0 114,142,146,174,0 268,86,297,117,0 286,133,322,169,0
D:\yntrust\PycharmProjects\captcha_detection\images\12289.png 35,71,64,101,0 32,129,68,167,0 132,76,167,112,0 178,76,216,111,0 176,118,211,155,0 141,144,178,182,0
D:\yntrust\PycharmProjects\captcha_detection\images\12292.png 94,97,126,128,0 145,63,180,97,0 196,133,227,163,0 226,129,256,160,0 280,87,309,116,0 311,61,341,92,0
D:\yntrust\PycharmProjects\captcha_detection\images\12297.png 29,114,59,146,0 100,123,129,151,0 115,150,152,184,0 236,160,276,197,0 266,76,303,115,0 341,75,373,110,0
D:\yntrust\PycharmProjects\captcha_detection\images\12300.png 26,90,61,126,0 90,44,123,75,0 140,59,169,89,0 172,92,204,125,0 70,151,99,183,0 245,97,278,129,0
D:\yntrust\PycharmProjects\captcha_detection\images\12304.png 142,45,172,75,0 89,125,126,160,0 200,113,232,146,0 208,148,242,183,0 311,54,343,85,0 347,104,382,142,0
D:\yntrust\PycharmProjects\captcha_detection\images\12305.png 93,145,126,175,0 184,159,213,189,0 252,61,290,97,0 336,58,377,97,0 345,98,375,127,0 319,123,350,158,0
D:\yntrust\PycharmProjects\captcha_detection\images\12306.png 74,135,103,164,0 168,64,198,95,0 253,56,293,95,0 200,147,231,177,0 323,143,361,182,0 356,117,395,153,0
D:\yntrust\PycharmProjects\captcha_detection\images\12307.png 99,123,134,158,0 156,107,188,140,0 216,102,251,135,0 195,163,235,200,0 263,134,294,165,0 357,43,394,80,0
D:\yntrust\PycharmProjects\captcha_detection\images\12309.png 85,128,118,162,0 115,152,145,183,0 143,77,173,111,0 190,105,223,139,0 259,84,292,117,0 297,73,331,108,0
D:\yntrust\PycharmProjects\captcha_detection\images\12312.png 42,108,73,145,0 98,59,126,91,0 184,129,212,157,0 244,55,280,92,0 308,144,338,177,0 341,109,370,139,0
D:\yntrust\PycharmProjects\captcha_detection\images\12315.png 37,109,71,144,0 86,46,121,82,0 162,91,202,128,0 224,123,258,154,0 296,110,324,140,0 331,120,363,155,0
D:\yntrust\PycharmProjects\captcha_detection\images\12317.png 70,89,100,119,0 84,45,121,82,0 163,41,198,78,0 245,112,276,141,0 348,78,377,109,0 311,153,339,182,0
D:\yntrust\PycharmProjects\captcha_detection\images\12318.png 19,139,55,177,0 157,141,192,176,0 157,85,193,119,0 212,61,248,98,0 326,39,361,76,0 363,73,400,112,0
D:\yntrust\PycharmProjects\captcha_detection\images\12319.png 32,82,70,120,0 76,125,106,156,0 103,102,137,135,0 135,46,159,74,0 135,80,166,112,0 301,54,334,89,0
D:\yntrust\PycharmProjects\captcha_detection\images\12321.png 46,147,75,180,0 110,120,143,153,0 153,140,185,172,0 232,87,266,121,0 269,69,303,104,0 275,135,310,169,0
D:\yntrust\PycharmProjects\captcha_detection\images\12326.png 188,51,217,79,0 243,61,277,97,0 201,104,240,141,0 249,125,284,160,0 294,83,325,121,0 313,150,342,181,0
D:\yntrust\PycharmProjects\captcha_detection\images\12336.png 29,70,59,100,0 142,121,173,152,0 167,54,203,91,0 213,92,245,124,0 246,82,278,112,0 358,54,393,92,0
D:\yntrust\PycharmProjects\captcha_detection\images\12337.png 88,96,119,126,0 149,50,180,82,0 202,83,232,115,0 237,67,267,95,0 280,100,316,137,0 314,96,349,136,0
D:\yntrust\PycharmProjects\captcha_detection\images\12338.png 43,74,69,104,0 101,58,136,92,0 145,71,176,106,0 224,76,260,113,0 336,69,372,104,0 344,152,374,189,0
D:\yntrust\PycharmProjects\captcha_detection\images\12339.png 87,64,120,98,0 121,41,154,74,0 165,64,203,100,0 230,43,261,73,0 178,139,210,171,0 309,163,339,195,0
D:\yntrust\PycharmProjects\captcha_detection\images\12343.png 25,64,65,104,0 115,48,149,85,0 203,97,231,130,0 232,112,264,145,0 194,153,227,186,0 289,141,325,179,0
D:\yntrust\PycharmProjects\captcha_detection\images\12346.png 28,62,65,103,0 165,114,197,144,0 237,119,275,159,0 300,95,329,126,0 220,159,252,191,0 282,161,320,199,0
D:\yntrust\PycharmProjects\captcha_detection\images\12347.png 21,148,51,178,0 80,144,111,174,0 209,64,238,97,0 249,119,281,152,0 295,135,323,166,0 354,151,386,185,0
D:\yntrust\PycharmProjects\captcha_detection\images\12348.png 26,120,52,152,0 70,59,108,98,0 193,111,226,144,0 213,140,245,171,0 295,141,332,178,0 330,83,367,122,0
D:\yntrust\PycharmProjects\captcha_detection\images\12350.png 106,88,142,125,0 122,57,161,95,0 222,134,260,172,0 287,142,323,178,0 331,121,366,154,0 359,72,392,110,0
D:\yntrust\PycharmProjects\captcha_detection\images\12353.png 60,136,94,172,0 122,146,156,185,0 154,72,192,112,0 195,138,226,170,0 250,146,284,182,0 327,87,362,126,0
D:\yntrust\PycharmProjects\captcha_detection\images\12355.png 118,88,155,125,0 180,72,212,107,0 205,103,237,136,0 292,52,329,86,0 331,67,359,100,0 253,126,290,165,0
D:\yntrust\PycharmProjects\captcha_detection\images\12360.png 81,47,115,83,0 112,79,147,113,0 62,120,96,158,0 111,144,141,174,0 192,88,224,120,0 334,70,367,104,0
D:\yntrust\PycharmProjects\captcha_detection\images\12361.png 30,70,61,103,0 75,80,105,114,0 165,78,200,112,0 119,149,156,185,0 286,103,321,140,0 322,55,349,89,0
D:\yntrust\PycharmProjects\captcha_detection\images\12362.png 86,44,118,76,0 93,139,129,179,0 163,132,197,169,0 215,74,254,110,0 238,135,265,167,0 298,104,331,138,0
D:\yntrust\PycharmProjects\captcha_detection\images\12363.png 20,150,53,184,0 63,77,97,115,0 137,77,167,110,0 210,80,247,118,0 266,56,301,91,0 360,130,390,160,0
D:\yntrust\PycharmProjects\captcha_detection\images\12378.png 39,55,69,87,0 64,109,100,149,0 137,79,175,117,0 203,72,238,106,0 152,129,181,158,0 242,105,277,135,0
D:\yntrust\PycharmProjects\captcha_detection\images\12381.png 14,49,41,78,0 62,114,98,149,0 132,100,170,139,0 211,115,241,147,0 311,151,341,182,0 363,105,400,145,0
D:\yntrust\PycharmProjects\captcha_detection\images\12382.png 32,78,63,110,0 19,114,52,148,0 101,149,133,182,0 151,112,190,149,0 307,47,338,75,0 323,76,359,111,0
D:\yntrust\PycharmProjects\captcha_detection\images\12383.png 51,84,81,114,0 142,64,175,97,0 79,156,115,192,0 161,147,194,185,0 284,59,320,96,0 361,153,400,193,0
D:\yntrust\PycharmProjects\captcha_detection\images\12388.png 55,89,85,117,0 104,131,136,147,0 198,127,228,155,0 225,100,253,131,0 254,121,295,161,0 319,84,354,119,0
D:\yntrust\PycharmProjects\captcha_detection\images\12390.png 24,108,60,142,0 58,88,90,120,0 110,63,144,98,0 200,82,228,110,0 260,69,291,106,0 179,142,219,181,0
D:\yntrust\PycharmProjects\captcha_detection\images\12394.png 77,130,107,165,0 209,92,240,126,0 236,86,266,115,0 246,47,279,83,0 325,80,355,115,0 256,152,288,188,0
D:\yntrust\PycharmProjects\captcha_detection\images\12401.png 56,78,84,109,0 83,142,120,179,0 138,64,173,96,0 180,91,217,127,0 222,92,254,124,0 312,124,350,162,0
D:\yntrust\PycharmProjects\captcha_detection\images\12406.png 116,61,145,90,0 115,93,146,124,0 101,127,131,156,0 173,76,207,111,0 165,138,198,171,0 329,106,368,147,0
D:\yntrust\PycharmProjects\captcha_detection\images\12408.png 60,49,98,87,0 100,82,131,110,0 125,100,163,138,0 172,80,202,110,0 259,86,290,116,0 309,129,339,163,0
D:\yntrust\PycharmProjects\captcha_detection\images\12414.png 31,112,69,148,0 70,138,105,175,0 185,108,218,141,0 253,144,284,177,0 278,105,316,144,0 327,157,364,195,0
D:\yntrust\PycharmProjects\captcha_detection\images\12421.png 69,66,102,101,0 130,74,167,111,0 172,151,199,181,0 232,117,263,150,0 331,92,361,125,0 358,110,391,146,0
D:\yntrust\PycharmProjects\captcha_detection\images\12423.png 71,93,101,124,0 157,126,195,165,0 222,90,256,126,0 255,100,287,136,0 256,48,292,87,0 324,77,360,115,0
D:\yntrust\PycharmProjects\captcha_detection\images\12424.png 75,82,112,118,0 134,99,166,134,0 213,55,244,86,0 236,88,274,128,0 256,129,298,167,0 305,155,338,187,0
D:\yntrust\PycharmProjects\captcha_detection\images\12427.png 137,73,174,111,0 104,115,143,152,0 256,44,291,79,0 235,94,267,127,0 333,51,368,90,0 323,149,362,190,0
D:\yntrust\PycharmProjects\captcha_detection\images\12428.png 64,50,100,88,0 96,49,128,85,0 178,50,212,86,0 121,139,153,171,0 268,70,298,100,0 294,109,328,142,0
D:\yntrust\PycharmProjects\captcha_detection\images\12430.png 114,76,142,110,0 76,135,109,167,0 203,133,237,167,0 253,51,291,89,0 354,116,383,150,0 325,153,358,190,0
D:\yntrust\PycharmProjects\captcha_detection\images\12433.png 57,44,92,78,0 106,114,135,142,0 134,92,169,128,0 285,114,315,146,0 328,83,359,115,0 361,146,394,180,0
D:\yntrust\PycharmProjects\captcha_detection\images\12435.png 90,87,120,117,0 106,116,143,152,0 142,54,177,91,0 152,105,188,142,0 318,81,346,110,0 362,102,399,137,0
D:\yntrust\PycharmProjects\captcha_detection\images\12436.png 47,73,84,112,0 122,46,154,77,0 61,135,98,171,0 298,105,329,140,0 307,141,337,177,0 345,161,379,197,0
D:\yntrust\PycharmProjects\captcha_detection\images\12440.png 39,74,75,110,0 138,123,167,152,0 155,64,192,102,0 241,81,273,112,0 269,66,304,105,0 350,99,378,130,0
D:\yntrust\PycharmProjects\captcha_detection\images\12444.png 80,69,113,104,0 42,128,81,167,0 184,40,216,77,0 211,131,240,161,0 268,65,301,100,0 308,88,340,121,0
D:\yntrust\PycharmProjects\captcha_detection\images\12456.png 77,45,112,83,0 92,123,128,160,0 135,121,170,153,0 225,98,262,134,0 287,40,322,75,0 359,64,391,102,0
D:\yntrust\PycharmProjects\captcha_detection\images\12457.png 42,84,78,122,0 91,83,122,115,0 56,128,93,164,0 198,93,229,123,0 261,146,293,180,0 306,110,343,148,0
D:\yntrust\PycharmProjects\captcha_detection\images\12460.png 39,70,75,105,0 223,60,254,90,0 264,84,290,114,0 195,123,229,156,0 225,112,256,142,0 355,120,390,162,0
D:\yntrust\PycharmProjects\captcha_detection\images\12462.png 58,151,85,181,0 144,103,184,141,0 139,152,176,188,0 215,134,250,168,0 324,40,349,71,0 332,88,361,118,0
D:\yntrust\PycharmProjects\captcha_detection\images\12467.png 63,145,98,179,0 142,154,175,189,0 205,70,240,105,0 243,109,274,139,0 253,151,290,186,0 322,116,356,149,0
D:\yntrust\PycharmProjects\captcha_detection\images\12472.png 15,108,52,147,0 20,150,54,187,0 293,54,319,84,0 241,153,277,190,0 296,146,332,183,0 343,122,373,154,0
D:\yntrust\PycharmProjects\captcha_detection\images\12473.png 106,77,136,110,0 181,156,216,190,0 208,117,242,151,0 242,106,279,140,0 307,104,347,144,0 352,131,381,161,0
D:\yntrust\PycharmProjects\captcha_detection\images\12476.png 29,39,64,74,0 168,118,191,147,0 183,152,223,192,0 283,77,320,114,0 326,49,358,81,0 330,131,369,169,0
D:\yntrust\PycharmProjects\captcha_detection\images\12477.png 57,152,81,183,0 46,83,76,119,0 79,72,114,109,0 173,60,209,96,0 265,69,296,100,0 357,100,395,138,0
D:\yntrust\PycharmProjects\captcha_detection\images\12478.png 57,85,94,120,0 174,58,213,97,0 290,50,327,88,0 327,43,363,78,0 333,117,369,155,0 325,157,359,190,0
D:\yntrust\PycharmProjects\captcha_detection\images\12481.png 26,70,58,103,0 24,157,56,187,0 74,125,111,162,0 123,118,150,150,0 231,112,266,149,0 275,131,304,161,0
D:\yntrust\PycharmProjects\captcha_detection\images\12489.png 20,88,60,126,0 147,67,185,104,0 198,44,227,76,0 310,82,343,115,0 238,151,277,191,0 319,147,354,182,0
D:\yntrust\PycharmProjects\captcha_detection\images\12490.png 122,68,154,96,0 169,42,201,71,0 179,97,211,130,0 191,154,222,185,0 333,91,364,122,0 363,64,400,104,0
D:\yntrust\PycharmProjects\captcha_detection\images\12498.png 72,75,105,107,0 109,100,145,135,0 172,94,201,125,0 213,59,245,93,0 203,147,240,185,0 349,40,375,69,0
D:\yntrust\PycharmProjects\captcha_detection\images\12499.png 32,128,65,164,0 63,102,91,132,0 147,101,184,135,0 183,100,223,140,0 227,39,261,74,0 316,42,349,77,0
D:\yntrust\PycharmProjects\captcha_detection\images\12501.png 92,53,122,87,0 143,45,178,81,0 202,51,239,88,0 234,45,264,76,0 304,46,340,80,0 148,129,184,164,0
D:\yntrust\PycharmProjects\captcha_detection\images\12503.png 36,83,72,122,0 71,83,103,114,0 137,84,174,121,0 154,38,185,68,0 171,98,208,137,0 193,146,230,185,0
D:\yntrust\PycharmProjects\captcha_detection\images\12506.png 152,53,191,91,0 191,55,212,83,0 220,80,256,118,0 285,79,315,109,0 239,124,268,154,0 198,149,235,188,0
D:\yntrust\PycharmProjects\captcha_detection\images\12509.png 57,97,83,133,0 102,123,130,152,0 151,159,182,191,0 252,49,290,87,0 260,143,287,175,0 311,162,345,200,0
D:\yntrust\PycharmProjects\captcha_detection\images\12511.png 39,63,74,99,0 125,144,156,176,0 169,144,198,174,0 314,115,344,145,0 343,79,371,112,0 358,120,390,152,0
D:\yntrust\PycharmProjects\captcha_detection\images\12516.png 34,50,67,82,0 123,78,155,109,0 243,144,275,179,0 279,149,306,181,0 284,95,324,134,0 366,77,394,110,0
D:\yntrust\PycharmProjects\captcha_detection\images\12519.png 46,106,77,139,0 114,88,148,121,0 98,160,127,193,0 130,149,165,187,0 260,83,296,122,0 318,78,350,110,0
D:\yntrust\PycharmProjects\captcha_detection\images\12522.png 128,58,165,96,0 220,140,255,176,0 279,106,314,140,0 331,106,362,136,0 362,150,396,188,0 345,40,376,75,0
D:\yntrust\PycharmProjects\captcha_detection\images\12523.png 66,47,97,78,0 62,76,99,112,0 139,91,168,123,0 162,112,197,147,0 199,126,231,159,0 239,131,265,162,0
D:\yntrust\PycharmProjects\captcha_detection\images\12524.png 44,110,74,148,0 107,90,139,124,0 135,104,167,140,0 141,48,171,77,0 351,78,388,116,0 358,155,391,189,0
D:\yntrust\PycharmProjects\captcha_detection\images\12538.png 22,110,52,142,0 122,108,160,147,0 237,106,267,141,0 254,54,287,89,0 292,159,328,197,0 353,130,383,163,0
D:\yntrust\PycharmProjects\captcha_detection\images\12542.png 71,47,97,76,0 139,93,170,125,0 199,39,230,74,0 247,60,280,92,0 264,112,296,147,0 206,119,242,156,0
D:\yntrust\PycharmProjects\captcha_detection\images\12544.png 42,128,78,163,0 89,99,118,128,0 99,71,130,101,0 191,113,218,143,0 248,60,288,99,0 309,111,340,143,0
D:\yntrust\PycharmProjects\captcha_detection\images\12546.png 83,66,119,102,0 144,81,177,115,0 126,131,159,170,0 47,151,85,188,0 283,107,312,139,0 321,141,358,180,0
D:\yntrust\PycharmProjects\captcha_detection\images\12547.png 64,51,93,82,0 167,68,198,100,0 194,117,226,152,0 239,134,276,169,0 331,61,366,96,0 361,93,390,127,0
D:\yntrust\PycharmProjects\captcha_detection\images\12548.png 24,52,54,84,0 137,107,170,144,0 182,113,215,147,0 202,74,234,108,0 146,150,177,183,0 226,156,258,185,0
D:\yntrust\PycharmProjects\captcha_detection\images\12549.png 40,56,68,88,0 77,97,117,135,0 124,91,158,125,0 124,129,158,164,0 235,40,272,75,0 225,117,265,155,0
D:\yntrust\PycharmProjects\captcha_detection\images\12551.png 17,85,47,116,0 115,72,144,103,0 145,113,183,150,0 237,43,278,82,0 287,95,325,131,0 325,102,353,133,0
D:\yntrust\PycharmProjects\captcha_detection\images\12555.png 169,88,207,126,0 201,144,236,179,0 241,130,271,160,0 249,83,282,117,0 296,121,330,153,0 310,59,346,98,0
D:\yntrust\PycharmProjects\captcha_detection\images\12557.png 64,60,100,77,0 19,101,55,135,0 24,136,57,171,0 101,147,133,180,0 157,77,191,116,0 359,89,393,123,0
D:\yntrust\PycharmProjects\captcha_detection\images\12560.png 156,43,196,81,0 196,40,219,69,0 264,45,305,85,0 193,105,230,142,0 262,127,299,164,0 296,157,335,194,0
D:\yntrust\PycharmProjects\captcha_detection\images\12562.png 36,60,67,91,0 103,118,135,151,0 182,83,220,120,0 228,68,263,103,0 290,74,314,104,0 326,90,362,125,0
D:\yntrust\PycharmProjects\captcha_detection\images\12568.png 45,73,78,106,0 82,113,117,149,0 61,150,100,190,0 233,90,266,121,0 241,138,274,176,0 327,52,359,84,0
D:\yntrust\PycharmProjects\captcha_detection\images\12570.png 144,92,169,120,0 129,140,163,176,0 261,143,290,175,0 291,151,329,189,0 285,98,313,128,0 352,152,383,183,0
D:\yntrust\PycharmProjects\captcha_detection\images\12572.png 101,72,132,107,0 92,121,127,156,0 34,158,65,188,0 160,52,188,84,0 244,119,275,155,0 350,54,385,90,0
D:\yntrust\PycharmProjects\captcha_detection\images\12574.png 174,91,205,124,0 180,128,211,161,0 238,57,270,92,0 245,92,280,128,0 286,83,314,111,0 307,116,344,155,0
D:\yntrust\PycharmProjects\captcha_detection\images\12577.png 79,52,115,90,0 101,116,133,151,0 155,66,186,96,0 180,89,216,125,0 209,125,238,158,0 329,106,367,147,0
D:\yntrust\PycharmProjects\captcha_detection\images\12578.png 51,39,85,73,0 17,75,45,105,0 20,143,58,180,0 59,83,89,116,0 149,110,183,144,0 309,96,341,128,0
D:\yntrust\PycharmProjects\captcha_detection\images\12579.png 48,84,80,122,0 91,41,125,73,0 161,59,196,98,0 205,75,240,110,0 305,131,341,168,0 357,144,387,174,0
D:\yntrust\PycharmProjects\captcha_detection\images\12580.png 148,61,181,95,0 165,109,199,143,0 233,72,263,106,0 237,156,267,186,0 301,134,330,166,0 339,130,377,173,0
D:\yntrust\PycharmProjects\captcha_detection\images\12581.png 56,87,82,119,0 121,93,160,132,0 166,89,197,119,0 215,72,248,107,0 256,126,293,163,0 303,151,327,167,0
D:\yntrust\PycharmProjects\captcha_detection\images\12582.png 118,56,148,90,0 57,128,89,162,0 200,75,234,113,0 216,122,245,153,0 247,80,288,119,0 283,128,318,164,0
D:\yntrust\PycharmProjects\captcha_detection\images\12583.png 45,60,76,94,0 17,126,53,164,0 181,79,209,115,0 242,128,275,161,0 274,136,307,174,0 348,119,381,153,0
D:\yntrust\PycharmProjects\captcha_detection\images\12590.png 33,85,67,119,0 150,76,187,111,0 194,58,221,92,0 269,49,299,83,0 348,60,376,92,0 318,154,347,184,0
D:\yntrust\PycharmProjects\captcha_detection\images\12593.png 49,68,78,99,0 51,99,84,133,0 97,141,132,179,0 256,126,287,156,0 325,91,359,126,0 320,144,355,181,0
D:\yntrust\PycharmProjects\captcha_detection\images\12594.png 20,137,57,176,0 75,73,113,110,0 149,139,187,177,0 205,88,235,121,0 240,125,274,159,0 297,151,324,182,0
D:\yntrust\PycharmProjects\captcha_detection\images\12598.png 48,108,85,150,0 88,142,120,173,0 135,99,169,136,0 162,49,193,81,0 273,77,307,110,0 342,67,379,106,0
D:\yntrust\PycharmProjects\captcha_detection\images\12599.png 28,100,63,135,0 115,60,146,91,0 166,127,196,161,0 202,128,233,162,0 211,83,240,114,0 327,156,362,192,0
D:\yntrust\PycharmProjects\captcha_detection\images\12601.png 138,47,176,84,0 229,55,263,88,0 314,85,349,123,0 279,120,314,154,0 276,151,309,185,0 217,148,254,184,0
D:\yntrust\PycharmProjects\captcha_detection\images\12602.png 144,52,166,82,0 212,42,250,79,0 155,136,190,170,0 325,62,357,97,0 296,138,332,173,0 334,151,364,187,0
D:\yntrust\PycharmProjects\captcha_detection\images\12609.png 18,116,58,155,0 161,99,194,134,0 265,79,300,114,0 296,144,331,184,0 340,117,373,151,0 357,74,386,106,0
D:\yntrust\PycharmProjects\captcha_detection\images\12610.png 22,127,61,164,0 107,135,141,170,0 180,95,212,127,0 225,53,263,88,0 334,55,364,86,0 212,135,244,169,0
D:\yntrust\PycharmProjects\captcha_detection\images\12612.png 121,70,149,101,0 200,45,231,78,0 285,41,316,72,0 327,75,365,111,0 164,138,200,171,0 170,168,202,197,0
D:\yntrust\PycharmProjects\captcha_detection\images\12613.png 48,58,81,95,0 79,43,109,75,0 122,54,152,85,0 191,45,224,80,0 220,116,255,151,0 146,160,183,198,0
D:\yntrust\PycharmProjects\captcha_detection\images\12614.png 81,156,117,194,0 170,125,203,161,0 202,122,234,158,0 221,41,260,77,0 304,84,339,115,0 315,157,349,193,0
D:\yntrust\PycharmProjects\captcha_detection\images\12615.png 19,147,52,181,0 50,128,78,166,0 76,117,109,155,0 133,125,164,158,0 263,75,295,110,0 259,151,295,191,0
D:\yntrust\PycharmProjects\captcha_detection\images\12616.png 105,69,135,99,0 47,123,82,158,0 182,144,213,177,0 206,139,231,170,0 249,79,279,110,0 358,87,397,126,0
D:\yntrust\PycharmProjects\captcha_detection\images\12618.png 71,125,101,155,0 136,111,171,146,0 171,72,207,109,0 227,75,264,113,0 208,144,245,182,0 352,87,388,123,0
D:\yntrust\PycharmProjects\captcha_detection\images\12623.png 69,143,108,182,0 123,120,155,152,0 201,102,235,139,0 233,54,266,89,0 324,63,362,101,0 352,115,386,150,0
D:\yntrust\PycharmProjects\captcha_detection\images\12624.png 24,64,56,98,0 126,83,167,121,0 167,109,197,141,0 154,138,190,176,0 249,136,275,166,0 336,66,364,97,0
D:\yntrust\PycharmProjects\captcha_detection\images\12630.png 28,85,67,122,0 188,118,222,154,0 282,81,319,121,0 320,81,349,111,0 355,67,392,105,0 344,156,373,186,0
D:\yntrust\PycharmProjects\captcha_detection\images\12631.png 59,136,92,171,0 191,84,221,113,0 187,117,223,153,0 340,40,370,73,0 323,130,357,167,0 360,155,397,195,0
D:\yntrust\PycharmProjects\captcha_detection\images\12633.png 15,126,49,160,0 66,156,101,192,0 107,123,136,156,0 148,101,178,132,0 316,148,348,182,0 350,90,390,128,0
D:\yntrust\PycharmProjects\captcha_detection\images\12636.png 20,107,48,139,0 209,110,241,143,0 295,39,326,78,0 263,124,298,157,0 231,155,261,184,0 341,133,372,164,0
D:\yntrust\PycharmProjects\captcha_detection\images\12637.png 31,58,58,87,0 33,117,66,146,0 183,51,220,87,0 244,72,273,105,0 335,77,372,113,0 283,152,317,188,0
D:\yntrust\PycharmProjects\captcha_detection\images\12639.png 20,48,48,75,0 37,127,65,157,0 27,153,58,182,0 122,42,152,71,0 290,56,326,91,0 326,128,356,158,0
D:\yntrust\PycharmProjects\captcha_detection\images\12643.png 32,90,65,123,0 180,58,214,94,0 176,136,210,168,0 241,113,274,146,0 288,98,318,129,0 316,94,345,127,0
D:\yntrust\PycharmProjects\captcha_detection\images\12644.png 32,66,70,104,0 41,102,70,131,0 152,82,186,116,0 76,150,108,184,0 227,93,259,124,0 279,140,313,173,0
D:\yntrust\PycharmProjects\captcha_detection\images\12653.png 83,77,118,112,0 62,131,91,162,0 141,119,172,153,0 178,83,215,121,0 214,122,245,154,0 347,107,378,137,0
D:\yntrust\PycharmProjects\captcha_detection\images\12657.png 111,43,149,80,0 56,142,93,179,0 113,161,147,195,0 175,152,210,187,0 187,102,223,141,0 280,78,315,115,0
D:\yntrust\PycharmProjects\captcha_detection\images\12658.png 215,47,254,85,0 253,130,284,163,0 301,56,337,90,0 217,150,255,185,0 304,158,338,190,0 340,149,373,184,0
D:\yntrust\PycharmProjects\captcha_detection\images\12662.png 34,120,63,150,0 61,161,97,200,0 95,75,126,107,0 150,148,182,181,0 266,109,290,140,0 300,108,337,147,0
D:\yntrust\PycharmProjects\captcha_detection\images\12663.png 14,110,45,142,0 40,81,75,116,0 85,124,120,159,0 191,130,224,164,0 312,65,349,103,0 362,73,392,105,0
D:\yntrust\PycharmProjects\captcha_detection\images\12664.png 66,71,100,106,0 218,106,249,138,0 252,122,285,157,0 231,142,258,172,0 305,69,336,99,0 322,149,352,180,0
D:\yntrust\PycharmProjects\captcha_detection\images\12666.png 24,78,64,116,0 125,45,162,82,0 194,98,224,130,0 213,132,252,172,0 176,158,201,187,0 326,127,355,156,0
D:\yntrust\PycharmProjects\captcha_detection\images\12668.png 17,49,50,80,0 80,73,114,106,0 123,58,153,87,0 267,114,302,152,0 299,136,332,168,0 357,92,392,131,0
D:\yntrust\PycharmProjects\captcha_detection\images\12671.png 43,90,76,126,0 118,143,155,181,0 206,121,245,160,0 202,73,233,104,0 251,107,291,145,0 350,123,381,155,0
D:\yntrust\PycharmProjects\captcha_detection\images\12672.png 57,90,88,121,0 16,152,53,194,0 105,110,137,143,0 228,60,269,99,0 239,124,276,160,0 287,155,318,187,0
D:\yntrust\PycharmProjects\captcha_detection\images\12674.png 22,141,51,177,0 95,126,128,159,0 237,60,268,90,0 271,47,307,81,0 260,149,287,184,0 362,153,389,184,0
D:\yntrust\PycharmProjects\captcha_detection\images\12675.png 31,115,62,146,0 109,56,143,90,0 85,151,119,185,0 130,117,168,157,0 175,125,204,155,0 228,78,257,116,0
D:\yntrust\PycharmProjects\captcha_detection\images\12678.png 125,95,153,129,0 130,138,159,168,0 199,81,229,111,0 183,149,218,185,0 307,138,345,177,0 351,54,388,91,0
D:\yntrust\PycharmProjects\captcha_detection\images\12681.png 19,63,55,100,0 62,88,95,121,0 146,87,182,123,0 249,46,285,84,0 208,150,247,189,0 344,128,376,159,0
D:\yntrust\PycharmProjects\captcha_detection\images\12683.png 66,37,96,67,0 40,145,79,185,0 133,100,171,136,0 196,105,227,142,0 249,78,287,116,0 341,117,378,156,0
D:\yntrust\PycharmProjects\captcha_detection\images\12685.png 26,76,63,115,0 110,90,142,121,0 186,96,217,126,0 247,55,277,84,0 312,73,349,109,0 184,156,218,190,0
D:\yntrust\PycharmProjects\captcha_detection\images\12687.png 143,72,180,107,0 170,121,204,155,0 171,157,204,190,0 204,109,241,146,0 219,151,255,188,0 335,53,375,93,0
D:\yntrust\PycharmProjects\captcha_detection\images\12689.png 41,94,74,128,0 86,83,118,114,0 79,118,117,156,0 163,139,193,168,0 330,48,363,79,0 357,110,394,149,0
D:\yntrust\PycharmProjects\captcha_detection\images\12692.png 45,144,81,182,0 104,129,138,165,0 210,59,243,91,0 207,124,237,154,0 173,163,211,200,0 280,81,321,120,0
D:\yntrust\PycharmProjects\captcha_detection\images\12700.png 37,63,78,105,0 119,142,152,174,0 216,160,245,192,0 310,62,341,94,0 357,47,384,81,0 307,102,343,142,0
D:\yntrust\PycharmProjects\captcha_detection\images\12701.png 31,99,61,125,0 69,81,106,118,0 70,136,98,167,0 180,61,210,91,0 229,133,260,163,0 270,49,310,88,0
D:\yntrust\PycharmProjects\captcha_detection\images\12705.png 59,147,92,180,0 137,47,166,77,0 169,59,200,89,0 235,152,265,185,0 283,122,318,156,0 297,70,332,103,0
D:\yntrust\PycharmProjects\captcha_detection\images\12706.png 157,100,193,139,0 152,151,183,184,0 203,53,236,85,0 247,135,277,163,0 262,96,295,127,0 290,60,325,96,0
D:\yntrust\PycharmProjects\captcha_detection\images\12708.png 18,118,50,153,0 89,154,121,187,0 195,139,225,173,0 263,143,297,174,0 282,89,320,126,0 319,154,356,191,0
D:\yntrust\PycharmProjects\captcha_detection\images\12712.png 30,136,68,174,0 97,122,126,153,0 232,59,272,95,0 297,132,336,170,0 345,59,381,93,0 358,104,394,143,0
D:\yntrust\PycharmProjects\captcha_detection\images\12713.png 38,69,75,108,0 93,125,127,165,0 170,115,202,150,0 172,155,211,195,0 277,85,315,123,0 299,142,331,173,0
D:\yntrust\PycharmProjects\captcha_detection\images\12715.png 80,95,115,130,0 85,143,115,174,0 192,105,226,140,0 256,126,291,161,0 277,49,314,84,0 359,157,395,192,0
D:\yntrust\PycharmProjects\captcha_detection\images\12723.png 98,101,135,137,0 135,93,167,123,0 155,40,195,78,0 145,154,174,185,0 359,75,394,112,0 359,126,395,165,0
D:\yntrust\PycharmProjects\captcha_detection\images\12725.png 135,87,165,120,0 199,40,235,77,0 239,87,275,123,0 194,112,225,143,0 354,40,386,71,0 335,101,375,141,0
D:\yntrust\PycharmProjects\captcha_detection\images\12726.png 130,59,159,88,0 112,121,149,161,0 183,130,215,164,0 258,74,288,106,0 307,103,340,135,0 340,146,372,177,0
D:\yntrust\PycharmProjects\captcha_detection\images\12727.png 177,84,212,118,0 203,51,235,85,0 319,64,348,94,0 349,60,378,90,0 320,96,353,131,0 354,121,385,155,0
D:\yntrust\PycharmProjects\captcha_detection\images\12730.png 19,104,48,135,0 50,63,85,100,0 52,101,88,139,0 70,152,105,193,0 159,104,197,144,0 303,145,334,176,0
D:\yntrust\PycharmProjects\captcha_detection\images\12734.png 35,155,66,187,0 80,121,116,156,0 219,114,256,149,0 253,108,284,144,0 345,39,372,69,0 359,154,394,188,0
D:\yntrust\PycharmProjects\captcha_detection\images\12735.png 68,52,103,91,0 127,91,158,123,0 188,73,223,107,0 255,46,285,75,0 214,125,249,160,0 350,108,387,146,0
D:\yntrust\PycharmProjects\captcha_detection\images\12737.png 13,57,48,89,0 84,116,121,154,0 53,152,83,187,0 201,91,230,122,0 237,47,270,83,0 259,117,298,153,0
D:\yntrust\PycharmProjects\captcha_detection\images\12739.png 93,88,129,128,0 100,44,137,82,0 149,83,185,121,0 197,72,231,104,0 270,85,309,125,0 305,61,338,95,0
D:\yntrust\PycharmProjects\captcha_detection\images\12741.png 50,85,81,117,0 263,41,292,69,0 242,98,275,131,0 347,53,377,88,0 319,141,355,177,0 353,141,384,178,0
D:\yntrust\PycharmProjects\captcha_detection\images\12742.png 22,127,52,160,0 142,43,180,82,0 174,113,207,145,0 228,97,257,135,0 272,64,312,104,0 361,140,397,176,0
D:\yntrust\PycharmProjects\captcha_detection\images\12743.png 40,47,72,78,0 35,154,68,192,0 165,74,195,106,0 246,41,282,75,0 227,126,263,162,0 269,117,308,155,0
D:\yntrust\PycharmProjects\captcha_detection\images\12744.png 32,120,61,150,0 38,152,71,184,0 72,135,102,165,0 86,51,120,87,0 235,71,272,108,0 338,52,367,82,0
D:\yntrust\PycharmProjects\captcha_detection\images\12747.png 73,46,105,80,0 62,125,96,161,0 165,141,203,181,0 259,100,291,138,0 324,87,361,124,0 358,96,394,133,0
D:\yntrust\PycharmProjects\captcha_detection\images\12749.png 16,78,55,117,0 135,55,168,88,0 169,84,208,123,0 120,131,152,163,0 257,132,296,170,0 291,108,327,146,0
D:\yntrust\PycharmProjects\captcha_detection\images\12759.png 120,81,156,119,0 215,41,247,74,0 100,131,137,168,0 241,101,279,141,0 279,105,313,138,0 323,84,357,117,0
D:\yntrust\PycharmProjects\captcha_detection\images\12762.png 16,79,41,109,0 111,56,149,95,0 74,136,111,174,0 165,123,197,157,0 245,155,277,188,0 307,44,339,77,0
D:\yntrust\PycharmProjects\captcha_detection\images\12764.png 158,132,187,164,0 209,121,247,158,0 224,78,264,117,0 269,106,304,145,0 286,72,320,107,0 333,73,365,110,0
D:\yntrust\PycharmProjects\captcha_detection\images\12774.png 45,86,78,120,0 72,66,102,96,0 160,94,196,130,0 205,50,244,87,0 199,142,234,175,0 332,147,362,177,0
D:\yntrust\PycharmProjects\captcha_detection\images\12775.png 95,39,128,73,0 104,76,134,109,0 176,62,209,97,0 187,95,220,129,0 192,152,220,182,0 296,85,328,118,0
D:\yntrust\PycharmProjects\captcha_detection\images\12777.png 30,98,64,132,0 80,116,108,147,0 115,82,143,111,0 186,152,218,184,0 278,63,317,100,0 343,64,376,97,0
D:\yntrust\PycharmProjects\captcha_detection\images\12780.png 24,146,59,181,0 97,107,135,145,0 153,76,188,111,0 204,48,234,84,0 278,151,308,182,0 362,99,395,132,0
D:\yntrust\PycharmProjects\captcha_detection\images\12781.png 162,77,193,110,0 177,143,209,172,0 212,67,247,101,0 275,53,315,93,0 320,42,354,76,0 355,98,389,134,0
D:\yntrust\PycharmProjects\captcha_detection\images\12791.png 168,98,198,129,0 243,37,279,74,0 299,61,335,95,0 276,93,306,124,0 243,115,280,155,0 292,130,324,166,0
D:\yntrust\PycharmProjects\captcha_detection\images\12796.png 24,49,54,82,0 22,104,62,142,0 27,155,55,187,0 127,83,156,115,0 205,135,237,167,0 260,85,290,116,0
D:\yntrust\PycharmProjects\captcha_detection\images\12799.png 44,81,84,120,0 146,92,177,123,0 268,114,303,152,0 305,153,341,191,0 310,65,342,99,0 343,42,377,78,0
D:\yntrust\PycharmProjects\captcha_detection\images\12801.png 44,74,81,114,0 34,147,64,185,0 149,150,183,185,0 185,81,219,115,0 222,118,254,151,0 339,120,373,154,0
D:\yntrust\PycharmProjects\captcha_detection\images\12803.png 73,140,110,177,0 123,155,154,186,0 191,141,227,180,0 218,105,255,139,0 261,101,292,130,0 212,45,244,77,0
D:\yntrust\PycharmProjects\captcha_detection\images\12805.png 50,55,80,88,0 29,107,62,144,0 152,116,183,149,0 183,46,223,85,0 266,113,303,151,0 318,146,354,181,0
D:\yntrust\PycharmProjects\captcha_detection\images\12807.png 79,84,117,125,0 171,126,201,155,0 290,60,319,90,0 276,117,315,151,0 318,136,356,173,0 358,143,392,178,0
D:\yntrust\PycharmProjects\captcha_detection\images\12810.png 17,47,55,84,0 44,156,84,192,0 133,118,169,153,0 193,100,219,138,0 215,79,252,118,0 268,88,299,125,0
D:\yntrust\PycharmProjects\captcha_detection\images\12811.png 37,105,68,138,0 97,44,137,85,0 199,53,239,92,0 216,91,255,128,0 303,69,336,106,0 336,61,368,92,0
D:\yntrust\PycharmProjects\captcha_detection\images\12812.png 68,103,98,133,0 140,42,171,76,0 208,126,241,165,0 296,51,327,82,0 307,94,343,128,0 337,159,371,192,0
D:\yntrust\PycharmProjects\captcha_detection\images\12813.png 43,67,76,102,0 148,53,183,87,0 141,93,181,132,0 108,130,139,162,0 218,161,253,194,0 328,132,367,167,0
D:\yntrust\PycharmProjects\captcha_detection\images\12815.png 42,44,79,82,0 23,108,58,143,0 128,93,158,127,0 189,113,221,143,0 325,73,361,108,0 368,43,399,80,0
D:\yntrust\PycharmProjects\captcha_detection\images\12816.png 48,59,78,89,0 91,71,124,107,0 147,108,176,138,0 268,89,302,123,0 326,39,365,77,0 320,140,353,174,0
D:\yntrust\PycharmProjects\captcha_detection\images\12819.png 37,89,67,119,0 71,39,103,79,0 159,140,192,173,0 248,57,285,93,0 267,104,299,136,0 252,133,290,170,0
D:\yntrust\PycharmProjects\captcha_detection\images\12822.png 152,47,188,81,0 226,109,265,148,0 262,116,289,152,0 332,78,363,109,0 360,66,389,96,0 328,140,367,179,0
D:\yntrust\PycharmProjects\captcha_detection\images\12824.png 37,89,76,105,0 69,106,100,137,0 158,130,190,162,0 241,89,278,125,0 345,84,374,117,0 346,127,379,159,0
D:\yntrust\PycharmProjects\captcha_detection\images\12826.png 42,107,73,137,0 147,57,186,97,0 205,81,232,112,0 176,150,212,185,0 280,121,313,151,0 363,129,400,168,0
D:\yntrust\PycharmProjects\captcha_detection\images\12827.png 89,157,125,191,0 142,107,174,140,0 267,49,302,84,0 326,99,363,136,0 296,136,327,169,0 360,134,395,170,0
D:\yntrust\PycharmProjects\captcha_detection\images\12830.png 104,86,137,121,0 76,139,110,173,0 157,137,194,174,0 209,149,246,186,0 231,109,269,149,0 282,86,316,118,0
D:\yntrust\PycharmProjects\captcha_detection\images\12832.png 78,77,108,106,0 69,107,108,144,0 173,103,210,141,0 236,128,272,165,0 256,103,287,134,0 362,98,388,129,0
D:\yntrust\PycharmProjects\captcha_detection\images\12834.png 155,72,194,110,0 171,118,202,148,0 240,118,278,157,0 256,81,293,120,0 338,97,378,136,0 351,137,389,177,0
D:\yntrust\PycharmProjects\captcha_detection\images\12837.png 18,80,49,110,0 219,44,251,77,0 280,62,307,91,0 199,76,231,107,0 210,110,245,147,0 347,114,383,153,0
D:\yntrust\PycharmProjects\captcha_detection\images\12838.png 100,50,131,85,0 204,91,235,122,0 157,144,189,177,0 190,155,219,189,0 285,155,323,191,0 352,130,384,164,0
D:\yntrust\PycharmProjects\captcha_detection\images\12839.png 42,103,79,138,0 82,141,112,171,0 111,151,146,184,0 194,38,229,73,0 232,60,268,95,0 344,88,382,126,0
D:\yntrust\PycharmProjects\captcha_detection\images\12840.png 57,95,87,126,0 88,75,120,106,0 154,138,187,173,0 187,131,219,162,0 291,116,326,151,0 338,39,366,71,0
D:\yntrust\PycharmProjects\captcha_detection\images\12843.png 17,113,48,145,0 61,89,96,125,0 106,79,146,116,0 112,118,146,152,0 345,76,378,110,0 365,148,399,182,0
D:\yntrust\PycharmProjects\captcha_detection\images\12845.png 31,62,72,101,0 95,87,130,122,0 243,78,278,112,0 226,122,259,158,0 296,134,324,169,0 362,112,395,145,0
D:\yntrust\PycharmProjects\captcha_detection\images\12849.png 29,55,61,89,0 145,87,178,119,0 182,99,221,138,0 283,61,314,91,0 312,78,343,109,0 291,150,326,184,0
D:\yntrust\PycharmProjects\captcha_detection\images\12850.png 43,70,76,101,0 50,119,81,148,0 136,69,171,103,0 113,153,149,190,0 228,108,266,144,0 301,77,336,110,0
D:\yntrust\PycharmProjects\captcha_detection\images\12853.png 31,119,60,150,0 77,83,107,114,0 226,109,264,147,0 235,69,270,103,0 293,52,324,83,0 343,40,382,78,0
D:\yntrust\PycharmProjects\captcha_detection\images\12856.png 97,79,132,114,0 109,142,140,173,0 149,131,187,168,0 184,101,223,140,0 297,112,330,144,0 364,101,400,143,0
D:\yntrust\PycharmProjects\captcha_detection\images\12861.png 49,78,83,112,0 141,41,172,73,0 152,89,177,118,0 180,85,216,123,0 174,124,199,155,0 239,134,275,170,0
D:\yntrust\PycharmProjects\captcha_detection\images\12863.png 42,71,74,107,0 76,44,102,77,0 77,146,109,178,0 138,65,171,99,0 177,164,215,200,0 344,94,377,125,0
D:\yntrust\PycharmProjects\captcha_detection\images\12867.png 76,131,117,171,0 211,142,245,180,0 264,155,304,195,0 285,108,318,140,0 320,63,355,99,0 328,129,357,159,0
D:\yntrust\PycharmProjects\captcha_detection\images\12869.png 146,116,185,154,0 189,141,223,175,0 218,61,248,98,0 276,50,303,84,0 270,153,306,190,0 318,108,351,140,0
D:\yntrust\PycharmProjects\captcha_detection\images\12870.png 73,102,108,139,0 201,150,231,186,0 253,138,288,169,0 304,38,345,78,0 296,86,331,121,0 353,51,383,82,0
D:\yntrust\PycharmProjects\captcha_detection\images\12871.png 73,71,104,101,0 63,160,91,190,0 138,68,166,99,0 281,108,313,140,0 271,156,310,195,0 342,97,378,135,0
D:\yntrust\PycharmProjects\captcha_detection\images\12873.png 46,106,85,145,0 82,83,113,114,0 47,147,84,183,0 169,37,198,78,0 173,129,204,164,0 315,122,351,158,0
D:\yntrust\PycharmProjects\captcha_detection\images\12874.png 52,51,90,90,0 87,57,115,91,0 225,62,259,98,0 282,80,317,115,0 265,137,304,176,0 90,152,119,184,0
D:\yntrust\PycharmProjects\captcha_detection\images\12876.png 50,98,87,135,0 87,94,123,133,0 154,114,189,152,0 269,122,302,160,0 304,119,336,153,0 308,46,340,79,0
D:\yntrust\PycharmProjects\captcha_detection\images\12879.png 15,63,48,97,0 64,117,100,153,0 153,68,191,106,0 282,129,314,160,0 324,61,345,88,0 359,55,390,86,0
D:\yntrust\PycharmProjects\captcha_detection\images\12882.png 53,118,83,151,0 114,102,142,131,0 146,119,178,149,0 232,121,271,158,0 318,67,346,103,0 354,71,390,106,0
D:\yntrust\PycharmProjects\captcha_detection\images\12883.png 23,47,51,77,0 97,77,126,108,0 153,65,184,95,0 95,122,133,160,0 352,43,382,74,0 311,162,342,194,0
D:\yntrust\PycharmProjects\captcha_detection\images\12885.png 88,99,120,129,0 146,52,176,84,0 176,105,207,140,0 216,144,253,178,0 313,66,342,100,0 358,54,395,92,0
D:\yntrust\PycharmProjects\captcha_detection\images\12887.png 45,86,73,116,0 71,74,101,105,0 103,82,138,117,0 152,49,188,87,0 295,71,327,101,0 351,74,383,104,0
D:\yntrust\PycharmProjects\captcha_detection\images\12890.png 69,44,101,82,0 72,83,111,121,0 106,113,140,146,0 77,135,107,164,0 156,61,189,94,0 349,107,386,144,0
D:\yntrust\PycharmProjects\captcha_detection\images\12892.png 28,133,57,164,0 66,87,98,121,0 181,120,215,153,0 259,83,293,115,0 330,48,362,82,0 253,147,291,184,0
D:\yntrust\PycharmProjects\captcha_detection\images\12895.png 83,99,119,135,0 151,68,184,99,0 75,158,110,194,0 251,76,292,114,0 307,108,339,143,0 337,50,369,82,0
D:\yntrust\PycharmProjects\captcha_detection\images\12903.png 25,64,57,97,0 49,106,78,136,0 125,128,164,168,0 241,109,280,148,0 252,154,285,185,0 351,152,386,188,0
D:\yntrust\PycharmProjects\captcha_detection\images\12906.png 24,88,61,127,0 173,70,206,106,0 252,111,284,141,0 231,154,263,184,0 296,150,332,186,0 359,79,397,115,0
D:\yntrust\PycharmProjects\captcha_detection\images\12909.png 48,148,80,185,0 152,135,183,171,0 189,133,218,161,0 303,96,332,130,0 314,138,348,170,0 353,107,389,143,0
D:\yntrust\PycharmProjects\captcha_detection\images\12910.png 18,62,56,99,0 26,100,62,137,0 63,93,97,127,0 257,135,298,174,0 314,62,352,100,0 358,148,393,183,0
D:\yntrust\PycharmProjects\captcha_detection\images\12911.png 20,143,57,181,0 79,139,113,174,0 127,151,167,192,0 197,127,232,166,0 248,83,286,120,0 338,100,369,132,0
D:\yntrust\PycharmProjects\captcha_detection\images\12916.png 37,146,72,182,0 90,110,123,147,0 153,109,185,142,0 231,142,265,174,0 257,98,284,131,0 298,108,338,146,0
D:\yntrust\PycharmProjects\captcha_detection\images\12923.png 56,44,89,77,0 44,147,75,176,0 148,94,178,124,0 288,91,319,120,0 317,86,340,112,0 362,136,397,174,0
D:\yntrust\PycharmProjects\captcha_detection\images\12926.png 25,63,51,94,0 50,71,87,108,0 106,99,138,132,0 248,128,289,166,0 300,44,335,83,0 315,93,346,126,0
D:\yntrust\PycharmProjects\captcha_detection\images\12930.png 27,133,69,173,0 59,78,87,113,0 139,153,171,188,0 207,51,246,89,0 190,132,225,168,0 296,75,332,113,0
D:\yntrust\PycharmProjects\captcha_detection\images\12932.png 50,102,89,142,0 110,101,141,131,0 127,135,162,170,0 162,68,194,100,0 273,79,309,114,0 303,44,332,74,0
D:\yntrust\PycharmProjects\captcha_detection\images\12933.png 78,62,110,93,0 61,149,96,187,0 224,98,256,129,0 255,39,296,77,0 296,75,323,104,0 341,45,374,78,0
D:\yntrust\PycharmProjects\captcha_detection\images\12934.png 20,146,54,180,0 132,92,168,130,0 167,107,197,141,0 198,73,229,106,0 256,72,289,104,0 264,129,295,161,0
D:\yntrust\PycharmProjects\captcha_detection\images\12938.png 31,47,70,86,0 74,151,98,181,0 127,117,158,148,0 166,56,202,93,0 221,101,253,133,0 250,52,283,84,0
D:\yntrust\PycharmProjects\captcha_detection\images\12940.png 53,63,93,101,0 165,139,197,176,0 236,64,273,100,0 280,63,312,95,0 332,87,368,122,0 275,133,302,165,0
D:\yntrust\PycharmProjects\captcha_detection\images\12941.png 211,47,245,80,0 177,102,217,140,0 220,85,255,119,0 238,123,267,159,0 296,86,321,119,0 329,154,364,190,0
D:\yntrust\PycharmProjects\captcha_detection\images\12942.png 35,71,67,104,0 82,67,113,99,0 111,126,145,158,0 247,131,279,162,0 316,149,347,180,0 363,56,400,95,0
D:\yntrust\PycharmProjects\captcha_detection\images\12944.png 27,68,64,105,0 115,66,154,103,0 203,73,234,103,0 52,151,82,185,0 82,163,114,195,0 322,151,354,184,0
D:\yntrust\PycharmProjects\captcha_detection\images\12949.png 25,130,61,167,0 200,106,239,145,0 255,91,288,123,0 306,67,336,97,0 217,156,250,192,0 319,141,357,181,0
D:\yntrust\PycharmProjects\captcha_detection\images\12950.png 37,52,74,89,0 36,120,73,157,0 129,73,166,111,0 189,112,221,144,0 242,150,276,184,0 309,68,348,106,0
D:\yntrust\PycharmProjects\captcha_detection\images\12951.png 36,107,69,141,0 161,74,189,107,0 154,152,189,182,0 273,85,307,118,0 322,94,359,129,0 328,143,354,176,0
D:\yntrust\PycharmProjects\captcha_detection\images\12960.png 17,55,50,90,0 95,102,126,140,0 178,39,210,71,0 319,61,354,101,0 290,100,325,133,0 348,122,378,152,0
D:\yntrust\PycharmProjects\captcha_detection\images\12961.png 13,75,45,107,0 93,52,125,84,0 33,150,67,183,0 74,152,106,183,0 103,125,127,154,0 145,109,183,146,0
D:\yntrust\PycharmProjects\captcha_detection\images\12969.png 109,43,147,80,0 88,109,126,143,0 177,84,216,123,0 125,162,160,200,0 238,95,272,128,0 312,98,343,130,0
D:\yntrust\PycharmProjects\captcha_detection\images\12972.png 67,41,98,75,0 75,73,109,105,0 70,131,106,168,0 220,104,260,143,0 277,133,311,168,0 357,106,389,137,0
D:\yntrust\PycharmProjects\captcha_detection\images\12973.png 19,100,57,137,0 22,156,59,193,0 120,40,151,72,0 183,102,220,140,0 221,150,255,187,0 281,80,307,111,0
D:\yntrust\PycharmProjects\captcha_detection\images\12975.png 61,87,96,122,0 132,76,162,108,0 181,100,217,138,0 191,138,218,167,0 241,71,274,102,0 360,58,398,97,0
D:\yntrust\PycharmProjects\captcha_detection\images\12978.png 58,86,95,122,0 112,65,148,102,0 134,113,167,146,0 102,129,138,167,0 184,147,219,181,0 311,135,340,166,0
D:\yntrust\PycharmProjects\captcha_detection\images\12979.png 39,58,76,94,0 77,53,106,81,0 44,142,78,182,0 136,123,172,158,0 287,77,316,107,0 331,102,368,141,0
D:\yntrust\PycharmProjects\captcha_detection\images\12991.png 106,91,145,130,0 103,135,140,172,0 161,86,190,114,0 311,95,341,130,0 339,44,368,74,0 347,82,380,116,0
D:\yntrust\PycharmProjects\captcha_detection\images\12993.png 66,75,91,110,0 195,49,226,80,0 223,72,261,109,0 258,153,298,192,0 312,120,343,152,0 359,149,391,182,0
D:\yntrust\PycharmProjects\captcha_detection\images\12994.png 102,78,132,107,0 129,73,168,107,0 107,112,145,151,0 229,137,269,174,0 312,90,349,126,0 354,40,379,74,0
D:\yntrust\PycharmProjects\captcha_detection\images\12996.png 77,141,116,178,0 132,155,162,189,0 291,42,329,77,0 287,75,326,113,0 348,78,379,107,0 344,159,380,177,0
D:\yntrust\PycharmProjects\captcha_detection\images\12998.png 69,95,108,134,0 106,48,132,79,0 170,69,208,106,0 253,87,282,117,0 308,62,347,102,0 362,87,396,123,0
D:\yntrust\PycharmProjects\captcha_detection\images\13004.png 169,67,202,99,0 152,103,188,136,0 189,152,225,188,0 234,58,266,96,0 297,72,331,106,0 337,80,374,119,0
D:\yntrust\PycharmProjects\captcha_detection\images\13005.png 105,50,141,85,0 151,80,185,119,0 59,131,91,161,0 165,145,205,183,0 251,55,283,87,0 271,122,300,153,0
D:\yntrust\PycharmProjects\captcha_detection\images\13006.png 29,129,58,158,0 21,158,55,192,0 107,152,145,192,0 288,152,325,189,0 351,156,380,188,0 341,54,375,89,0
D:\yntrust\PycharmProjects\captcha_detection\images\13007.png 87,102,124,141,0 125,106,155,135,0 184,64,214,98,0 216,101,255,139,0 250,50,279,80,0 357,43,387,79,0
D:\yntrust\PycharmProjects\captcha_detection\images\13012.png 33,123,68,159,0 70,131,109,169,0 106,104,141,137,0 183,51,218,84,0 211,126,239,157,0 256,109,287,141,0
D:\yntrust\PycharmProjects\captcha_detection\images\13013.png 55,61,83,91,0 24,104,54,136,0 123,59,162,99,0 253,127,286,159,0 308,127,341,159,0 362,91,397,125,0
D:\yntrust\PycharmProjects\captcha_detection\images\13016.png 54,43,87,78,0 107,121,143,157,0 144,152,178,184,0 198,101,227,132,0 296,134,327,164,0 346,125,378,157,0
D:\yntrust\PycharmProjects\captcha_detection\images\13018.png 30,161,59,192,0 87,152,118,186,0 132,129,170,169,0 184,107,211,137,0 259,153,289,185,0 349,84,384,123,0
D:\yntrust\PycharmProjects\captcha_detection\images\13020.png 71,78,102,109,0 164,121,205,159,0 231,117,263,150,0 234,152,267,182,0 283,57,316,91,0 332,80,374,119,0
D:\yntrust\PycharmProjects\captcha_detection\images\13021.png 86,68,122,101,0 108,105,149,144,0 110,147,146,182,0 258,142,295,178,0 286,113,313,149,0 354,89,387,124,0
D:\yntrust\PycharmProjects\captcha_detection\images\13023.png 44,87,80,123,0 83,84,114,116,0 197,111,230,147,0 262,54,290,84,0 314,81,346,113,0 316,133,357,171,0
D:\yntrust\PycharmProjects\captcha_detection\images\13026.png 42,126,73,160,0 78,149,109,184,0 85,82,124,120,0 152,104,186,139,0 175,53,212,90,0 233,122,263,157,0
D:\yntrust\PycharmProjects\captcha_detection\images\13028.png 15,90,51,126,0 100,159,133,190,0 142,74,175,106,0 178,87,210,119,0 237,134,273,167,0 320,147,351,177,0
D:\yntrust\PycharmProjects\captcha_detection\images\13033.png 84,131,116,165,0 156,126,185,157,0 217,91,245,122,0 231,53,267,87,0 342,115,379,154,0 329,154,364,186,0
D:\yntrust\PycharmProjects\captcha_detection\images\13037.png 46,142,78,177,0 139,47,171,77,0 182,121,215,154,0 234,123,271,160,0 246,90,282,124,0 268,137,303,174,0
D:\yntrust\PycharmProjects\captcha_detection\images\13039.png 196,53,229,89,0 262,40,297,76,0 175,120,213,158,0 158,157,188,191,0 269,137,301,171,0 354,105,380,135,0
D:\yntrust\PycharmProjects\captcha_detection\images\13040.png 70,68,104,102,0 154,74,190,111,0 239,62,275,101,0 331,43,359,74,0 325,78,353,112,0 330,120,363,154,0
D:\yntrust\PycharmProjects\captcha_detection\images\13041.png 25,133,61,173,0 67,99,104,139,0 101,87,137,125,0 152,45,184,76,0 245,128,280,165,0 331,128,360,163,0
D:\yntrust\PycharmProjects\captcha_detection\images\13042.png 31,39,71,77,0 62,78,95,113,0 98,74,129,107,0 186,146,223,184,0 335,123,362,154,0 338,62,373,100,0
D:\yntrust\PycharmProjects\captcha_detection\images\13044.png 57,98,90,134,0 106,92,144,130,0 167,88,204,126,0 204,76,235,107,0 270,46,301,77,0 321,164,355,200,0
D:\yntrust\PycharmProjects\captcha_detection\images\13045.png 45,84,78,123,0 136,150,169,186,0 224,74,254,105,0 253,89,276,118,0 296,83,331,116,0 308,42,344,77,0
D:\yntrust\PycharmProjects\captcha_detection\images\13046.png 25,126,53,157,0 179,41,218,79,0 207,138,246,178,0 283,59,314,89,0 319,94,356,129,0 276,154,310,188,0
D:\yntrust\PycharmProjects\captcha_detection\images\13051.png 145,85,185,125,0 216,55,247,86,0 270,75,309,115,0 316,75,351,111,0 210,133,242,165,0 275,131,308,165,0
D:\yntrust\PycharmProjects\captcha_detection\images\13052.png 82,68,119,105,0 147,71,176,105,0 151,121,192,160,0 212,81,252,118,0 259,141,291,170,0 319,149,348,180,0
D:\yntrust\PycharmProjects\captcha_detection\images\13055.png 42,67,79,105,0 23,118,58,153,0 209,72,240,104,0 261,78,291,114,0 333,67,365,99,0 358,42,397,80,0
D:\yntrust\PycharmProjects\captcha_detection\images\13059.png 81,160,114,195,0 147,146,175,177,0 218,95,251,129,0 279,109,319,146,0 319,46,354,80,0 363,159,396,198,0
D:\yntrust\PycharmProjects\captcha_detection\images\13061.png 51,60,88,94,0 246,45,286,83,0 264,82,294,110,0 190,100,227,140,0 183,143,221,181,0 272,144,307,180,0
D:\yntrust\PycharmProjects\captcha_detection\images\13066.png 59,66,88,101,0 85,128,122,164,0 158,142,188,173,0 214,42,244,72,0 315,46,351,83,0 199,148,237,187,0
D:\yntrust\PycharmProjects\captcha_detection\images\13071.png 120,136,159,178,0 158,151,186,186,0 211,136,242,164,0 239,87,277,125,0 358,86,387,125,0 346,154,376,192,0
D:\yntrust\PycharmProjects\captcha_detection\images\13072.png 32,38,64,69,0 126,81,165,121,0 242,69,276,107,0 273,72,303,104,0 264,152,298,191,0 305,149,339,184,0
D:\yntrust\PycharmProjects\captcha_detection\images\13073.png 21,109,60,148,0 59,82,90,113,0 94,92,133,131,0 139,72,176,110,0 238,49,274,85,0 307,47,346,84,0
D:\yntrust\PycharmProjects\captcha_detection\images\13075.png 79,43,113,77,0 128,57,161,89,0 80,105,117,142,0 62,145,98,180,0 124,155,144,184,0 180,152,211,183,0
D:\yntrust\PycharmProjects\captcha_detection\images\13076.png 75,145,114,184,0 134,79,170,119,0 169,47,204,86,0 200,144,237,182,0 271,129,302,160,0 292,90,323,119,0
D:\yntrust\PycharmProjects\captcha_detection\images\13077.png 32,98,63,130,0 67,86,104,124,0 123,153,157,187,0 247,43,285,79,0 308,89,346,126,0 338,64,370,100,0
D:\yntrust\PycharmProjects\captcha_detection\images\13080.png 38,68,66,100,0 119,73,156,110,0 249,107,288,146,0 288,87,318,118,0 331,80,362,113,0 352,53,381,83,0
D:\yntrust\PycharmProjects\captcha_detection\images\13082.png 66,88,99,122,0 109,84,148,122,0 118,129,151,162,0 188,81,214,111,0 261,119,299,155,0 277,153,306,186,0
D:\yntrust\PycharmProjects\captcha_detection\images\13083.png 68,83,108,122,0 106,60,137,97,0 185,46,222,85,0 25,131,55,162,0 99,128,136,165,0 133,156,170,193,0
D:\yntrust\PycharmProjects\captcha_detection\images\13089.png 37,43,70,77,0 41,89,77,124,0 121,140,157,175,0 203,112,230,142,0 277,118,310,151,0 299,91,329,120,0
D:\yntrust\PycharmProjects\captcha_detection\images\13098.png 22,87,54,122,0 45,61,81,100,0 141,61,183,101,0 278,64,316,102,0 295,103,334,143,0 353,117,386,152,0
D:\yntrust\PycharmProjects\captcha_detection\images\13099.png 40,90,77,128,0 81,93,113,125,0 146,111,177,144,0 285,120,324,160,0 335,85,374,124,0 350,127,383,161,0
D:\yntrust\PycharmProjects\captcha_detection\images\13106.png 42,72,80,110,0 111,116,141,143,0 201,63,238,100,0 232,154,265,188,0 267,121,303,159,0 312,86,349,124,0
D:\yntrust\PycharmProjects\captcha_detection\images\13112.png 35,59,65,95,0 71,43,99,73,0 67,143,96,174,0 126,153,163,189,0 232,40,265,74,0 361,132,398,169,0
D:\yntrust\PycharmProjects\captcha_detection\images\13115.png 87,82,121,118,0 226,58,261,92,0 124,145,156,179,0 196,117,234,154,0 271,86,303,118,0 266,156,303,192,0
D:\yntrust\PycharmProjects\captcha_detection\images\13116.png 65,155,98,191,0 88,132,117,162,0 182,125,214,157,0 268,115,299,147,0 269,69,307,106,0 331,123,364,157,0
D:\yntrust\PycharmProjects\captcha_detection\images\13120.png 73,149,112,187,0 122,124,154,158,0 151,126,183,160,0 202,74,243,113,0 243,130,278,164,0 293,146,322,177,0
D:\yntrust\PycharmProjects\captcha_detection\images\13122.png 122,48,160,85,0 124,83,158,117,0 241,57,276,89,0 357,47,396,87,0 277,95,314,131,0 356,141,388,173,0
D:\yntrust\PycharmProjects\captcha_detection\images\13126.png 135,48,167,79,0 235,40,266,71,0 339,62,377,100,0 112,146,147,179,0 152,151,191,191,0 326,144,357,183,0
D:\yntrust\PycharmProjects\captcha_detection\images\13127.png 19,52,51,84,0 214,39,246,69,0 171,150,201,182,0 231,116,264,151,0 276,152,311,194,0 357,140,394,176,0
D:\yntrust\PycharmProjects\captcha_detection\images\13128.png 48,42,77,72,0 92,51,127,88,0 242,120,277,162,0 276,154,317,192,0 337,97,374,136,0 315,43,347,76,0
D:\yntrust\PycharmProjects\captcha_detection\images\13129.png 58,97,83,129,0 47,128,79,162,0 131,89,165,124,0 216,60,256,99,0 280,97,320,135,0 340,157,375,194,0
D:\yntrust\PycharmProjects\captcha_detection\images\13131.png 39,50,68,80,0 73,73,109,108,0 111,153,144,184,0 161,93,194,129,0 227,78,258,110,0 250,40,285,76,0
D:\yntrust\PycharmProjects\captcha_detection\images\13132.png 33,70,66,104,0 91,75,126,109,0 101,110,139,148,0 76,158,106,191,0 153,49,193,90,0 193,70,232,108,0
D:\yntrust\PycharmProjects\captcha_detection\images\13136.png 42,124,75,157,0 62,155,96,191,0 150,155,192,195,0 196,143,229,174,0 281,127,310,159,0 324,52,357,90,0
D:\yntrust\PycharmProjects\captcha_detection\images\13140.png 39,54,76,91,0 264,42,298,73,0 302,73,341,111,0 196,124,228,159,0 254,144,294,184,0 351,128,391,168,0
D:\yntrust\PycharmProjects\captcha_detection\images\13144.png 183,87,223,126,0 186,124,220,160,0 277,59,307,89,0 273,126,307,161,0 327,132,358,162,0 345,102,379,138,0
D:\yntrust\PycharmProjects\captcha_detection\images\13146.png 89,71,128,109,0 157,43,188,73,0 198,64,230,93,0 172,141,200,172,0 235,100,273,139,0 348,116,380,152,0
D:\yntrust\PycharmProjects\captcha_detection\images\13148.png 25,113,55,142,0 68,93,102,128,0 83,148,116,179,0 179,82,215,116,0 211,107,241,140,0 339,129,371,162,0
D:\yntrust\PycharmProjects\captcha_detection\images\13149.png 22,90,55,126,0 73,66,105,97,0 70,155,98,188,0 211,62,249,99,0 253,65,285,97,0 353,126,388,159,0
D:\yntrust\PycharmProjects\captcha_detection\images\13151.png 128,155,161,188,0 174,116,212,153,0 208,132,240,162,0 231,156,268,192,0 267,107,297,138,0 334,158,367,191,0
D:\yntrust\PycharmProjects\captcha_detection\images\13154.png 27,107,64,144,0 117,96,157,136,0 187,64,221,99,0 180,122,214,152,0 255,135,292,170,0 348,65,387,104,0
D:\yntrust\PycharmProjects\captcha_detection\images\13156.png 125,52,157,85,0 90,152,121,183,0 257,57,289,88,0 256,109,292,143,0 299,108,335,146,0 360,159,397,197,0
D:\yntrust\PycharmProjects\captcha_detection\images\13157.png 140,149,170,181,0 169,77,207,118,0 243,49,273,84,0 226,109,255,137,0 264,107,297,140,0 364,54,400,94,0
D:\yntrust\PycharmProjects\captcha_detection\images\13158.png 54,52,89,85,0 172,43,204,73,0 141,115,174,150,0 175,146,212,182,0 320,121,354,157,0 356,87,390,120,0
D:\yntrust\PycharmProjects\captcha_detection\images\13160.png 40,81,67,116,0 81,139,112,172,0 125,105,160,142,0 205,102,246,142,0 236,138,273,175,0 362,52,396,87,0
D:\yntrust\PycharmProjects\captcha_detection\images\13167.png 50,93,86,130,0 108,47,145,85,0 114,151,147,184,0 165,94,197,126,0 236,53,268,84,0 279,118,311,150,0
D:\yntrust\PycharmProjects\captcha_detection\images\13170.png 42,114,72,150,0 60,150,95,184,0 166,120,197,149,0 201,147,240,186,0 304,119,341,156,0 360,44,397,79,0
D:\yntrust\PycharmProjects\captcha_detection\images\13173.png 45,46,80,81,0 80,74,112,106,0 116,72,153,111,0 163,118,194,149,0 137,140,169,174,0 311,158,345,197,0
D:\yntrust\PycharmProjects\captcha_detection\images\13174.png 25,123,56,154,0 59,145,92,180,0 104,155,141,191,0 157,82,188,114,0 236,115,273,151,0 301,60,334,94,0
D:\yntrust\PycharmProjects\captcha_detection\images\13175.png 86,155,125,196,0 158,98,183,127,0 203,79,237,112,0 237,60,267,91,0 300,67,330,97,0 267,150,304,190,0
D:\yntrust\PycharmProjects\captcha_detection\images\13177.png 37,97,74,133,0 170,117,210,155,0 190,152,218,180,0 240,125,280,162,0 257,159,290,194,0 346,155,380,185,0
D:\yntrust\PycharmProjects\captcha_detection\images\13178.png 120,90,156,127,0 171,87,206,121,0 139,152,174,187,0 220,149,252,183,0 249,164,281,199,0 352,52,386,85,0
D:\yntrust\PycharmProjects\captcha_detection\images\13180.png 47,42,81,75,0 39,113,78,153,0 121,67,151,98,0 145,94,180,130,0 183,96,219,134,0 126,146,162,183,0
D:\yntrust\PycharmProjects\captcha_detection\images\13181.png 109,111,143,145,0 107,148,137,177,0 160,47,200,88,0 168,154,193,184,0 192,149,226,186,0 312,142,345,177,0
D:\yntrust\PycharmProjects\captcha_detection\images\13183.png 26,61,65,100,0 134,159,171,196,0 239,49,272,79,0 245,77,275,105,0 283,48,312,78,0 359,68,396,105,0
D:\yntrust\PycharmProjects\captcha_detection\images\13194.png 71,101,109,139,0 118,119,147,149,0 59,148,99,185,0 202,46,239,85,0 256,116,285,147,0 356,126,393,162,0
D:\yntrust\PycharmProjects\captcha_detection\images\13198.png 39,124,75,162,0 184,43,224,80,0 230,40,257,70,0 234,89,269,124,0 271,97,302,130,0 362,94,400,130,0
D:\yntrust\PycharmProjects\captcha_detection\images\13207.png 120,62,157,98,0 86,156,116,184,0 134,146,170,183,0 209,101,241,137,0 266,108,296,139,0 337,116,370,150,0
D:\yntrust\PycharmProjects\captcha_detection\images\13208.png 61,59,101,97,0 184,40,210,74,0 241,46,280,85,0 203,96,239,132,0 278,156,318,194,0 330,149,369,187,0
D:\yntrust\PycharmProjects\captcha_detection\images\13210.png 39,140,72,173,0 71,155,103,186,0 115,47,152,82,0 176,47,206,76,0 307,80,342,116,0 352,106,392,143,0
D:\yntrust\PycharmProjects\captcha_detection\images\13212.png 97,48,130,80,0 97,80,132,117,0 101,156,135,188,0 155,140,190,175,0 285,163,326,200,0 338,125,369,156,0
D:\yntrust\PycharmProjects\captcha_detection\images\13215.png 124,120,158,156,0 189,72,221,110,0 225,120,258,154,0 247,87,285,127,0 312,94,342,123,0 330,69,364,101,0
D:\yntrust\PycharmProjects\captcha_detection\images\13216.png 86,112,117,142,0 193,88,229,126,0 208,147,243,182,0 325,60,358,93,0 295,156,330,191,0 325,127,361,165,0
D:\yntrust\PycharmProjects\captcha_detection\images\13218.png 119,55,151,86,0 204,51,234,82,0 173,80,213,118,0 148,147,188,188,0 312,113,343,144,0 339,44,371,76,0
D:\yntrust\PycharmProjects\captcha_detection\images\13219.png 178,64,213,101,0 234,84,270,122,0 297,119,329,150,0 304,148,336,176,0 350,79,381,111,0 355,150,390,185,0
D:\yntrust\PycharmProjects\captcha_detection\images\13234.png 52,142,83,174,0 131,95,162,126,0 203,129,238,165,0 247,98,276,126,0 250,125,283,156,0 363,69,395,103,0